GBE Subset- beta, Cumulative Freq.,non-GBE- beta, Cumulative Freq., GBE- beta, Cumulative Freq.
-0.66951,0.00146198830409357,-0.749438,0.000503271263210871,-0.793388,0.000401929260450161
-0.66802,0.00146198830409357,-0.747876,0.000503271263210871,-0.791776,0.000401929260450161
-0.66653,0.00146198830409357,-0.746314,0.000503271263210871,-0.790164,0.000401929260450161
-0.66504,0.00146198830409357,-0.744752,0.000503271263210871,-0.788552,0.000401929260450161
-0.66355,0.00146198830409357,-0.74319,0.000503271263210871,-0.78694,0.000401929260450161
-0.66206,0.00146198830409357,-0.741628,0.000503271263210871,-0.785328,0.000401929260450161
-0.66057,0.00146198830409357,-0.740066,0.000503271263210871,-0.783716,0.000401929260450161
-0.65908,0.00146198830409357,-0.738504,0.000503271263210871,-0.782104,0.000401929260450161
-0.65759,0.00146198830409357,-0.736942,0.00100654252642174,-0.780492,0.000401929260450161
-0.6561,0.00146198830409357,-0.73538,0.00100654252642174,-0.77888,0.000401929260450161
-0.65461,0.00146198830409357,-0.733818,0.00100654252642174,-0.777268,0.000401929260450161
-0.65312,0.00146198830409357,-0.732256,0.00100654252642174,-0.775656,0.000401929260450161
-0.65163,0.00146198830409357,-0.730694,0.00100654252642174,-0.774044,0.000401929260450161
-0.65014,0.00146198830409357,-0.729132,0.00100654252642174,-0.772432,0.000401929260450161
-0.64865,0.00146198830409357,-0.72757,0.00100654252642174,-0.77082,0.000401929260450161
-0.64716,0.00146198830409357,-0.726008,0.00100654252642174,-0.769208,0.000401929260450161
-0.64567,0.00146198830409357,-0.724446,0.00100654252642174,-0.767596,0.000401929260450161
-0.64418,0.00146198830409357,-0.722884,0.00100654252642174,-0.765984,0.000401929260450161
-0.64269,0.00146198830409357,-0.721322,0.00100654252642174,-0.764372,0.000401929260450161
-0.6412,0.00146198830409357,-0.71976,0.00100654252642174,-0.76276,0.000401929260450161
-0.63971,0.00146198830409357,-0.718198,0.00100654252642174,-0.761148,0.000401929260450161
-0.63822,0.00146198830409357,-0.716636,0.00100654252642174,-0.759536,0.000401929260450161
-0.63673,0.00146198830409357,-0.715074,0.00100654252642174,-0.757924,0.000401929260450161
-0.63524,0.00146198830409357,-0.713512,0.00100654252642174,-0.756312,0.000401929260450161
-0.63375,0.00146198830409357,-0.71195,0.00100654252642174,-0.7547,0.000401929260450161
-0.63226,0.00146198830409357,-0.710388,0.00100654252642174,-0.753088,0.000401929260450161
-0.63077,0.00146198830409357,-0.708826,0.00100654252642174,-0.751476,0.000401929260450161
-0.62928,0.00146198830409357,-0.707264,0.00100654252642174,-0.749864,0.000401929260450161
-0.62779,0.00146198830409357,-0.705702,0.00100654252642174,-0.748252,0.000401929260450161
-0.6263,0.00146198830409357,-0.70414,0.00100654252642174,-0.74664,0.000401929260450161
-0.62481,0.00146198830409357,-0.702578,0.00100654252642174,-0.745028,0.000401929260450161
-0.62332,0.00146198830409357,-0.701016,0.00150981378963261,-0.743416,0.000401929260450161
-0.62183,0.00146198830409357,-0.699454,0.00150981378963261,-0.741804,0.000401929260450161
-0.62034,0.00146198830409357,-0.697892,0.00150981378963261,-0.740192,0.000401929260450161
-0.61885,0.00146198830409357,-0.69633,0.00150981378963261,-0.73858,0.000401929260450161
-0.61736,0.00146198830409357,-0.694768,0.00150981378963261,-0.736968,0.000401929260450161
-0.61587,0.00146198830409357,-0.693206,0.00150981378963261,-0.735356,0.000401929260450161
-0.61438,0.00146198830409357,-0.691644,0.00150981378963261,-0.733744,0.000401929260450161
-0.61289,0.00146198830409357,-0.690082,0.00150981378963261,-0.732132,0.000803858520900322
-0.6114,0.00146198830409357,-0.68852,0.00150981378963261,-0.73052,0.000803858520900322
-0.60991,0.00146198830409357,-0.686958,0.00150981378963261,-0.728908,0.000803858520900322
-0.60842,0.00146198830409357,-0.685396,0.00150981378963261,-0.727296,0.000803858520900322
-0.60693,0.00146198830409357,-0.683834,0.00150981378963261,-0.725684,0.000803858520900322
-0.60544,0.00146198830409357,-0.682272,0.00150981378963261,-0.724072,0.000803858520900322
-0.60395,0.00146198830409357,-0.68071,0.00150981378963261,-0.72246,0.000803858520900322
-0.60246,0.00146198830409357,-0.679148,0.00150981378963261,-0.720848,0.000803858520900322
-0.60097,0.00146198830409357,-0.677586,0.00150981378963261,-0.719236,0.000803858520900322
-0.59948,0.00292397660818713,-0.676024,0.00150981378963261,-0.717624,0.000803858520900322
-0.59799,0.00292397660818713,-0.674462,0.00201308505284348,-0.716012,0.000803858520900322
-0.5965,0.00292397660818713,-0.6729,0.00201308505284348,-0.7144,0.000803858520900322
-0.59501,0.00292397660818713,-0.671338,0.00201308505284348,-0.712788,0.000803858520900322
-0.59352,0.00292397660818713,-0.669776,0.00201308505284348,-0.711176,0.000803858520900322
-0.59203,0.00292397660818713,-0.668214,0.00201308505284348,-0.709564,0.000803858520900322
-0.59054,0.00292397660818713,-0.666652,0.00201308505284348,-0.707952,0.000803858520900322
-0.58905,0.00292397660818713,-0.66509,0.00201308505284348,-0.70634,0.000803858520900322
-0.58756,0.00292397660818713,-0.663528,0.00201308505284348,-0.704728,0.000803858520900322
-0.58607,0.00292397660818713,-0.661966,0.00201308505284348,-0.703116,0.000803858520900322
-0.58458,0.00292397660818713,-0.660404,0.00201308505284348,-0.701504,0.000803858520900322
-0.58309,0.00292397660818713,-0.658842,0.00201308505284348,-0.699892,0.000803858520900322
-0.5816,0.0043859649122807,-0.65728,0.00201308505284348,-0.69828,0.000803858520900322
-0.58011,0.00584795321637427,-0.655718,0.00201308505284348,-0.696668,0.000803858520900322
-0.57862,0.00584795321637427,-0.654156,0.00201308505284348,-0.695056,0.000803858520900322
-0.57713,0.00584795321637427,-0.652594,0.00201308505284348,-0.693444,0.000803858520900322
-0.57564,0.00584795321637427,-0.651032,0.00201308505284348,-0.691832,0.000803858520900322
-0.57415,0.00584795321637427,-0.64947,0.00201308505284348,-0.69022,0.000803858520900322
-0.57266,0.00584795321637427,-0.647908,0.00201308505284348,-0.688608,0.000803858520900322
-0.57117,0.00584795321637427,-0.646346,0.00201308505284348,-0.686996,0.000803858520900322
-0.56968,0.00730994152046784,-0.644784,0.00201308505284348,-0.685384,0.000803858520900322
-0.56819,0.0087719298245614,-0.643222,0.00201308505284348,-0.683772,0.000803858520900322
-0.5667,0.0087719298245614,-0.64166,0.00201308505284348,-0.68216,0.000803858520900322
-0.56521,0.0087719298245614,-0.640098,0.00201308505284348,-0.680548,0.000803858520900322
-0.56372,0.010233918128655,-0.638536,0.00201308505284348,-0.678936,0.000803858520900322
-0.56223,0.010233918128655,-0.636974,0.00201308505284348,-0.677324,0.000803858520900322
-0.56074,0.010233918128655,-0.635412,0.00201308505284348,-0.675712,0.000803858520900322
-0.55925,0.010233918128655,-0.63385,0.00201308505284348,-0.6741,0.000803858520900322
-0.55776,0.010233918128655,-0.632288,0.00201308505284348,-0.672488,0.000803858520900322
-0.55627,0.010233918128655,-0.630726,0.00201308505284348,-0.670876,0.000803858520900322
-0.55478,0.010233918128655,-0.629164,0.00201308505284348,-0.669264,0.000803858520900322
-0.55329,0.010233918128655,-0.627602,0.00201308505284348,-0.667652,0.000803858520900322
-0.5518,0.010233918128655,-0.62604,0.00201308505284348,-0.66604,0.000803858520900322
-0.55031,0.010233918128655,-0.624478,0.00201308505284348,-0.664428,0.000803858520900322
-0.54882,0.010233918128655,-0.622916,0.00201308505284348,-0.662816,0.000803858520900322
-0.54733,0.0116959064327485,-0.621354,0.00201308505284348,-0.661204,0.000803858520900322
-0.54584,0.0116959064327485,-0.619792,0.00201308505284348,-0.659592,0.000803858520900322
-0.54435,0.0131578947368421,-0.61823,0.00201308505284348,-0.65798,0.000803858520900322
-0.54286,0.0131578947368421,-0.616668,0.00201308505284348,-0.656368,0.000803858520900322
-0.54137,0.0131578947368421,-0.615106,0.00201308505284348,-0.654756,0.000803858520900322
-0.53988,0.0131578947368421,-0.613544,0.00201308505284348,-0.653144,0.000803858520900322
-0.53839,0.0131578947368421,-0.611982,0.00201308505284348,-0.651532,0.000803858520900322
-0.5369,0.0131578947368421,-0.61042,0.00201308505284348,-0.64992,0.000803858520900322
-0.53541,0.0131578947368421,-0.608858,0.00201308505284348,-0.648308,0.000803858520900322
-0.53392,0.0131578947368421,-0.607296,0.00201308505284348,-0.646696,0.00120578778135048
-0.53243,0.0131578947368421,-0.605734,0.00201308505284348,-0.645084,0.00120578778135048
-0.53094,0.0131578947368421,-0.604172,0.00201308505284348,-0.643472,0.00120578778135048
-0.52945,0.0131578947368421,-0.60261,0.00201308505284348,-0.64186,0.00120578778135048
-0.52796,0.0131578947368421,-0.601048,0.00201308505284348,-0.640248,0.00120578778135048
-0.52647,0.0131578947368421,-0.599486,0.00201308505284348,-0.638636,0.00120578778135048
-0.52498,0.0131578947368421,-0.597924,0.00201308505284348,-0.637024,0.00120578778135048
-0.52349,0.0131578947368421,-0.596362,0.00201308505284348,-0.635412,0.00120578778135048
-0.522,0.0131578947368421,-0.5948,0.00251635631605435,-0.6338,0.00120578778135048
-0.52051,0.0131578947368421,-0.593238,0.00251635631605435,-0.632188,0.00120578778135048
-0.51902,0.0131578947368421,-0.591676,0.00251635631605435,-0.630576,0.00120578778135048
-0.51753,0.0131578947368421,-0.590114,0.00251635631605435,-0.628964,0.00120578778135048
-0.51604,0.0146198830409357,-0.588552,0.00251635631605435,-0.627352,0.00120578778135048
-0.51455,0.0146198830409357,-0.58699,0.00251635631605435,-0.62574,0.00120578778135048
-0.51306,0.0146198830409357,-0.585428,0.00301962757926522,-0.624128,0.00120578778135048
-0.51157,0.0146198830409357,-0.583866,0.00301962757926522,-0.622516,0.00120578778135048
-0.51008,0.0146198830409357,-0.582304,0.00301962757926522,-0.620904,0.00120578778135048
-0.50859,0.0146198830409357,-0.580742,0.00301962757926522,-0.619292,0.00120578778135048
-0.5071,0.0146198830409357,-0.57918,0.00352289884247609,-0.61768,0.00120578778135048
-0.50561,0.0146198830409357,-0.577618,0.00352289884247609,-0.616068,0.00120578778135048
-0.50412,0.0146198830409357,-0.576056,0.00352289884247609,-0.614456,0.00120578778135048
-0.50263,0.0146198830409357,-0.574494,0.00352289884247609,-0.612844,0.00120578778135048
-0.50114,0.0146198830409357,-0.572932,0.00402617010568697,-0.611232,0.00120578778135048
-0.49965,0.0146198830409357,-0.57137,0.00402617010568697,-0.60962,0.00120578778135048
-0.49816,0.0146198830409357,-0.569808,0.00402617010568697,-0.608008,0.00120578778135048
-0.49667,0.0146198830409357,-0.568246,0.00402617010568697,-0.606396,0.00120578778135048
-0.49518,0.0146198830409357,-0.566684,0.00402617010568697,-0.604784,0.00120578778135048
-0.49369,0.0146198830409357,-0.565122,0.00402617010568697,-0.603172,0.00120578778135048
-0.4922,0.0160818713450292,-0.56356,0.00402617010568697,-0.60156,0.00120578778135048
-0.49071,0.0160818713450292,-0.561998,0.00452944136889784,-0.599948,0.00120578778135048
-0.48922,0.0160818713450292,-0.560436,0.00452944136889784,-0.598336,0.00120578778135048
-0.48773,0.0190058479532164,-0.558874,0.00452944136889784,-0.596724,0.00120578778135048
-0.48624,0.0190058479532164,-0.557312,0.00452944136889784,-0.595112,0.00120578778135048
-0.48475,0.0190058479532164,-0.55575,0.00452944136889784,-0.5935,0.00160771704180064
-0.48326,0.0190058479532164,-0.554188,0.00452944136889784,-0.591888,0.00160771704180064
-0.48177,0.0190058479532164,-0.552626,0.00452944136889784,-0.590276,0.00160771704180064
-0.48028,0.0204678362573099,-0.551064,0.00503271263210871,-0.588664,0.00160771704180064
-0.47879,0.0204678362573099,-0.549502,0.00503271263210871,-0.587052,0.0020096463022508
-0.4773,0.0204678362573099,-0.54794,0.00503271263210871,-0.58544,0.0020096463022508
-0.47581,0.0204678362573099,-0.546378,0.00503271263210871,-0.583828,0.0020096463022508
-0.47432,0.0204678362573099,-0.544816,0.00503271263210871,-0.582216,0.0020096463022508
-0.47283,0.0204678362573099,-0.543254,0.00503271263210871,-0.580604,0.0020096463022508
-0.47134,0.0204678362573099,-0.541692,0.00503271263210871,-0.578992,0.0020096463022508
-0.46985,0.0204678362573099,-0.54013,0.00503271263210871,-0.57738,0.0020096463022508
-0.46836,0.0204678362573099,-0.538568,0.00503271263210871,-0.575768,0.00241157556270096
-0.46687,0.0204678362573099,-0.537006,0.00503271263210871,-0.574156,0.00241157556270096
-0.46538,0.0219298245614035,-0.535444,0.00503271263210871,-0.572544,0.00241157556270096
-0.46389,0.0219298245614035,-0.533882,0.00503271263210871,-0.570932,0.00281350482315113
-0.4624,0.0219298245614035,-0.53232,0.00503271263210871,-0.56932,0.00281350482315113
-0.46091,0.0219298245614035,-0.530758,0.00503271263210871,-0.567708,0.00281350482315113
-0.45942,0.0219298245614035,-0.529196,0.00503271263210871,-0.566096,0.00281350482315113
-0.45793,0.0219298245614035,-0.527634,0.00553598389531958,-0.564484,0.00281350482315113
-0.45644,0.0219298245614035,-0.526072,0.00553598389531958,-0.562872,0.00321543408360129
-0.45495,0.0219298245614035,-0.52451,0.00553598389531958,-0.56126,0.00321543408360129
-0.45346,0.0219298245614035,-0.522948,0.00603925515853045,-0.559648,0.00321543408360129
-0.45197,0.0248538011695906,-0.521386,0.00603925515853045,-0.558036,0.00361736334405145
-0.45048,0.0263157894736842,-0.519824,0.00603925515853045,-0.556424,0.00361736334405145
-0.44899,0.0263157894736842,-0.518262,0.00603925515853045,-0.554812,0.00401929260450161
-0.4475,0.0263157894736842,-0.5167,0.00603925515853045,-0.5532,0.00401929260450161
-0.44601,0.0277777777777778,-0.515138,0.00603925515853045,-0.551588,0.00442122186495177
-0.44452,0.0277777777777778,-0.513576,0.00603925515853045,-0.549976,0.00442122186495177
-0.44303,0.0292397660818713,-0.512014,0.00603925515853045,-0.548364,0.00442122186495177
-0.44154,0.0292397660818713,-0.510452,0.00603925515853045,-0.546752,0.00442122186495177
-0.44005,0.0292397660818713,-0.50889,0.00603925515853045,-0.54514,0.00482315112540193
-0.43856,0.0292397660818713,-0.507328,0.00603925515853045,-0.543528,0.00522508038585209
-0.43707,0.0292397660818713,-0.505766,0.00603925515853045,-0.541916,0.00522508038585209
-0.43558,0.0292397660818713,-0.504204,0.00603925515853045,-0.540304,0.00522508038585209
-0.43409,0.0292397660818713,-0.502642,0.00603925515853045,-0.538692,0.00562700964630225
-0.4326,0.0292397660818713,-0.50108,0.00654252642174132,-0.53708,0.00562700964630225
-0.43111,0.0292397660818713,-0.499518,0.00654252642174132,-0.535468,0.00562700964630225
-0.42962,0.0292397660818713,-0.497956,0.00654252642174132,-0.533856,0.00562700964630225
-0.42813,0.0292397660818713,-0.496394,0.00704579768495219,-0.532244,0.00562700964630225
-0.42664,0.0292397660818713,-0.494832,0.00704579768495219,-0.530632,0.00562700964630225
-0.42515,0.0292397660818713,-0.49327,0.00704579768495219,-0.52902,0.00643086816720257
-0.42366,0.0292397660818713,-0.491708,0.00704579768495219,-0.527408,0.00643086816720257
-0.42217,0.0292397660818713,-0.490146,0.00704579768495219,-0.525796,0.00643086816720257
-0.42068,0.0292397660818713,-0.488584,0.00704579768495219,-0.524184,0.00683279742765273
-0.41919,0.0292397660818713,-0.487022,0.00704579768495219,-0.522572,0.00683279742765273
-0.4177,0.0292397660818713,-0.48546,0.00704579768495219,-0.52096,0.00683279742765273
-0.41621,0.0292397660818713,-0.483898,0.00704579768495219,-0.519348,0.00683279742765273
-0.41472,0.0292397660818713,-0.482336,0.00704579768495219,-0.517736,0.00683279742765273
-0.41323,0.0292397660818713,-0.480774,0.00704579768495219,-0.516124,0.00683279742765273
-0.41174,0.0292397660818713,-0.479212,0.00704579768495219,-0.514512,0.00683279742765273
-0.41025,0.0292397660818713,-0.47765,0.00704579768495219,-0.5129,0.00683279742765273
-0.40876,0.0292397660818713,-0.476088,0.00704579768495219,-0.511288,0.00683279742765273
-0.40727,0.0292397660818713,-0.474526,0.00704579768495219,-0.509676,0.00683279742765273
-0.40578,0.0292397660818713,-0.472964,0.00704579768495219,-0.508064,0.00683279742765273
-0.40429,0.0292397660818713,-0.471402,0.00754906894816306,-0.506452,0.00683279742765273
-0.4028,0.0292397660818713,-0.46984,0.00754906894816306,-0.50484,0.00683279742765273
-0.40131,0.0292397660818713,-0.468278,0.00754906894816306,-0.503228,0.00683279742765273
-0.39982,0.0292397660818713,-0.466716,0.00754906894816306,-0.501616,0.00683279742765273
-0.39833,0.0292397660818713,-0.465154,0.00754906894816306,-0.500004,0.00723472668810289
-0.39684,0.0292397660818713,-0.463592,0.00754906894816306,-0.498392,0.00723472668810289
-0.39535,0.0292397660818713,-0.46203,0.00754906894816306,-0.49678,0.00723472668810289
-0.39386,0.0307017543859649,-0.460468,0.00754906894816306,-0.495168,0.00723472668810289
-0.39237,0.0307017543859649,-0.458906,0.00754906894816306,-0.493556,0.00723472668810289
-0.39088,0.0307017543859649,-0.457344,0.00754906894816306,-0.491944,0.00723472668810289
-0.38939,0.0307017543859649,-0.455782,0.00754906894816306,-0.490332,0.00723472668810289
-0.3879,0.0307017543859649,-0.45422,0.00754906894816306,-0.48872,0.00723472668810289
-0.38641,0.0307017543859649,-0.452658,0.00754906894816306,-0.487108,0.00723472668810289
-0.38492,0.0307017543859649,-0.451096,0.00754906894816306,-0.485496,0.00763665594855305
-0.38343,0.0321637426900585,-0.449534,0.00754906894816306,-0.483884,0.00803858520900321
-0.38194,0.0321637426900585,-0.447972,0.00754906894816306,-0.482272,0.00803858520900321
-0.38045,0.0321637426900585,-0.44641,0.00754906894816306,-0.48066,0.00803858520900321
-0.37896,0.0321637426900585,-0.444848,0.00754906894816306,-0.479048,0.00803858520900321
-0.37747,0.0321637426900585,-0.443286,0.00754906894816306,-0.477436,0.00803858520900321
-0.37598,0.0321637426900585,-0.441724,0.00754906894816306,-0.475824,0.00803858520900321
-0.37449,0.0321637426900585,-0.440162,0.00805234021137393,-0.474212,0.00803858520900321
-0.373,0.0321637426900585,-0.4386,0.00805234021137393,-0.4726,0.00803858520900321
-0.37151,0.0321637426900585,-0.437038,0.00805234021137393,-0.470988,0.00803858520900321
-0.37002,0.0321637426900585,-0.435476,0.00805234021137393,-0.469376,0.00803858520900321
-0.36853,0.0321637426900585,-0.433914,0.0085556114745848,-0.467764,0.00803858520900321
-0.36704,0.0321637426900585,-0.432352,0.0085556114745848,-0.466152,0.00844051446945338
-0.36555,0.0321637426900585,-0.43079,0.0085556114745848,-0.46454,0.00884244372990354
-0.36406,0.0321637426900585,-0.429228,0.0085556114745848,-0.462928,0.00884244372990354
-0.36257,0.0321637426900585,-0.427666,0.0085556114745848,-0.461316,0.00884244372990354
-0.36108,0.0321637426900585,-0.426104,0.0085556114745848,-0.459704,0.00884244372990354
-0.35959,0.0321637426900585,-0.424542,0.0085556114745848,-0.458092,0.00884244372990354
-0.3581,0.0321637426900585,-0.42298,0.0085556114745848,-0.45648,0.00884244372990354
-0.35661,0.0321637426900585,-0.421418,0.0085556114745848,-0.454868,0.00884244372990354
-0.35512,0.0321637426900585,-0.419856,0.00905888273779567,-0.453256,0.00884244372990354
-0.35363,0.0321637426900585,-0.418294,0.00905888273779567,-0.451644,0.00884244372990354
-0.35214,0.0321637426900585,-0.416732,0.00905888273779567,-0.450032,0.00884244372990354
-0.35065,0.0321637426900585,-0.41517,0.00905888273779567,-0.44842,0.00884244372990354
-0.34916,0.0321637426900585,-0.413608,0.00905888273779567,-0.446808,0.00884244372990354
-0.34767,0.0321637426900585,-0.412046,0.00956215400100654,-0.445196,0.0092443729903537
-0.34618,0.0321637426900585,-0.410484,0.00956215400100654,-0.443584,0.0092443729903537
-0.34469,0.0321637426900585,-0.408922,0.00956215400100654,-0.441972,0.0092443729903537
-0.3432,0.0321637426900585,-0.40736,0.0100654252642174,-0.44036,0.0092443729903537
-0.34171,0.0321637426900585,-0.405798,0.0100654252642174,-0.438748,0.010048231511254
-0.34022,0.033625730994152,-0.404236,0.0100654252642174,-0.437136,0.0104501607717042
-0.33873,0.033625730994152,-0.402674,0.0100654252642174,-0.435524,0.0104501607717042
-0.33724,0.033625730994152,-0.401112,0.0100654252642174,-0.433912,0.0104501607717042
-0.33575,0.033625730994152,-0.39955,0.0100654252642174,-0.4323,0.0104501607717042
-0.33426,0.033625730994152,-0.397988,0.0100654252642174,-0.430688,0.0104501607717042
-0.33277,0.033625730994152,-0.396426,0.0100654252642174,-0.429076,0.0108520900321543
-0.33128,0.033625730994152,-0.394864,0.0100654252642174,-0.427464,0.0108520900321543
-0.32979,0.0350877192982456,-0.393302,0.0100654252642174,-0.425852,0.0108520900321543
-0.3283,0.0350877192982456,-0.39174,0.0100654252642174,-0.42424,0.0108520900321543
-0.32681,0.0350877192982456,-0.390178,0.0100654252642174,-0.422628,0.0112540192926045
-0.32532,0.0365497076023392,-0.388616,0.0100654252642174,-0.421016,0.0112540192926045
-0.32383,0.0365497076023392,-0.387054,0.0100654252642174,-0.419404,0.0112540192926045
-0.32234,0.0394736842105263,-0.385492,0.0100654252642174,-0.417792,0.0112540192926045
-0.32085,0.0394736842105263,-0.38393,0.0105686965274283,-0.41618,0.0112540192926045
-0.31936,0.0394736842105263,-0.382368,0.0105686965274283,-0.414568,0.0112540192926045
-0.31787,0.0423976608187134,-0.380806,0.0105686965274283,-0.412956,0.0112540192926045
-0.31638,0.0423976608187134,-0.379244,0.0110719677906392,-0.411344,0.0112540192926045
-0.31489,0.0423976608187134,-0.377682,0.0110719677906392,-0.409732,0.0112540192926045
-0.3134,0.043859649122807,-0.37612,0.0110719677906392,-0.40812,0.0112540192926045
-0.31191,0.043859649122807,-0.374558,0.0110719677906392,-0.406508,0.0112540192926045
-0.31042,0.0453216374269006,-0.372996,0.0110719677906392,-0.404896,0.0112540192926045
-0.30893,0.0467836257309941,-0.371434,0.0110719677906392,-0.403284,0.0116559485530547
-0.30744,0.0467836257309941,-0.369872,0.0110719677906392,-0.401672,0.0116559485530547
-0.30595,0.0467836257309941,-0.36831,0.0110719677906392,-0.40006,0.0116559485530547
-0.30446,0.0467836257309941,-0.366748,0.01157523905385,-0.398448,0.0116559485530547
-0.30297,0.0467836257309941,-0.365186,0.01157523905385,-0.396836,0.0116559485530547
-0.30148,0.0467836257309941,-0.363624,0.01157523905385,-0.395224,0.0116559485530547
-0.29999,0.0467836257309941,-0.362062,0.0120785103170609,-0.393612,0.0120578778135048
-0.2985,0.0467836257309941,-0.3605,0.0120785103170609,-0.392,0.0120578778135048
-0.29701,0.0467836257309941,-0.358938,0.0120785103170609,-0.390388,0.012459807073955
-0.29552,0.0467836257309941,-0.357376,0.0120785103170609,-0.388776,0.012459807073955
-0.29403,0.0482456140350877,-0.355814,0.0125817815802718,-0.387164,0.012459807073955
-0.29254,0.0497076023391813,-0.354252,0.0125817815802718,-0.385552,0.012459807073955
-0.29105,0.0511695906432749,-0.35269,0.0125817815802718,-0.38394,0.012459807073955
-0.28956,0.0511695906432749,-0.351128,0.0130850528434826,-0.382328,0.012459807073955
-0.28807,0.054093567251462,-0.349566,0.0130850528434826,-0.380716,0.012459807073955
-0.28658,0.0555555555555556,-0.348004,0.0130850528434826,-0.379104,0.012459807073955
-0.28509,0.0555555555555556,-0.346442,0.0130850528434826,-0.377492,0.012459807073955
-0.2836,0.0584795321637427,-0.34488,0.0130850528434826,-0.37588,0.0128617363344051
-0.28211,0.0628654970760234,-0.343318,0.0130850528434826,-0.374268,0.0128617363344051
-0.28062,0.064327485380117,-0.341756,0.0130850528434826,-0.372656,0.0128617363344051
-0.27913,0.0657894736842105,-0.340194,0.0130850528434826,-0.371044,0.0132636655948553
-0.27764,0.0672514619883041,-0.338632,0.0135883241066935,-0.369432,0.0132636655948553
-0.27615,0.0716374269005848,-0.33707,0.0140915953699044,-0.36782,0.0132636655948553
-0.27466,0.0716374269005848,-0.335508,0.0140915953699044,-0.366208,0.0136655948553055
-0.27317,0.0716374269005848,-0.333946,0.0140915953699044,-0.364596,0.0136655948553055
-0.27168,0.0716374269005848,-0.332384,0.0140915953699044,-0.362984,0.0136655948553055
-0.27019,0.0716374269005848,-0.330822,0.0140915953699044,-0.361372,0.0136655948553055
-0.2687,0.0730994152046784,-0.32926,0.0145948666331152,-0.35976,0.0136655948553055
-0.26721,0.0760233918128655,-0.327698,0.0145948666331152,-0.358148,0.0136655948553055
-0.26572,0.0760233918128655,-0.326136,0.0150981378963261,-0.356536,0.0136655948553055
-0.26423,0.0804093567251462,-0.324574,0.015601409159537,-0.354924,0.0136655948553055
-0.26274,0.0804093567251462,-0.323012,0.015601409159537,-0.353312,0.0136655948553055
-0.26125,0.0804093567251462,-0.32145,0.0161046804227479,-0.3517,0.0140675241157556
-0.25976,0.0818713450292398,-0.319888,0.0186210367388022,-0.350088,0.0140675241157556
-0.25827,0.0847953216374269,-0.318326,0.0191243080020131,-0.348476,0.0140675241157556
-0.25678,0.0862573099415205,-0.316764,0.0211373930548566,-0.346864,0.0140675241157556
-0.25529,0.0891812865497076,-0.315202,0.0221439355812783,-0.345252,0.0140675241157556
-0.2538,0.0891812865497076,-0.31364,0.0236537493709109,-0.34364,0.0140675241157556
-0.25231,0.0935672514619883,-0.312078,0.0251635631605435,-0.342028,0.0140675241157556
-0.25082,0.0935672514619883,-0.310516,0.0261701056869653,-0.340416,0.0148713826366559
-0.24933,0.0935672514619883,-0.308954,0.027176648213387,-0.338804,0.0152733118971061
-0.24784,0.0935672514619883,-0.307392,0.0276799194765979,-0.337192,0.0152733118971061
-0.24635,0.0950292397660819,-0.30583,0.0281831907398088,-0.33558,0.0152733118971061
-0.24486,0.0950292397660819,-0.304268,0.0291897332662305,-0.333968,0.0152733118971061
-0.24337,0.097953216374269,-0.302706,0.0296930045294414,-0.332356,0.0156752411575563
-0.24188,0.100877192982456,-0.301144,0.0301962757926522,-0.330744,0.0160771704180064
-0.24039,0.103801169590643,-0.299582,0.0301962757926522,-0.329132,0.0164790996784566
-0.2389,0.105263157894737,-0.29802,0.0306995470558631,-0.32752,0.0172829581993569
-0.23741,0.105263157894737,-0.296458,0.0306995470558631,-0.325908,0.0184887459807074
-0.23592,0.105263157894737,-0.294896,0.0317060895822849,-0.324296,0.0188906752411576
-0.23443,0.105263157894737,-0.293334,0.0327126321087066,-0.322684,0.020096463022508
-0.23294,0.105263157894737,-0.291772,0.0332159033719175,-0.321072,0.0204983922829582
-0.23145,0.10672514619883,-0.29021,0.0332159033719175,-0.31946,0.0217041800643087
-0.22996,0.108187134502924,-0.288648,0.0337191746351283,-0.317848,0.0229099678456592
-0.22847,0.109649122807018,-0.287086,0.0352289884247609,-0.316236,0.0245176848874598
-0.22698,0.109649122807018,-0.285524,0.0362355309511827,-0.314624,0.0253215434083601
-0.22549,0.109649122807018,-0.283962,0.0372420734776044,-0.313012,0.0257234726688103
-0.224,0.111111111111111,-0.2824,0.038751887267237,-0.3114,0.0273311897106109
-0.22251,0.112573099415205,-0.280838,0.0402617010568697,-0.309788,0.0281350482315113
-0.22102,0.114035087719298,-0.279276,0.0417715148465023,-0.308176,0.0289389067524116
-0.21953,0.114035087719298,-0.277714,0.0432813286361349,-0.306564,0.0305466237942122
-0.21804,0.114035087719298,-0.276152,0.0447911424257675,-0.304952,0.0313504823151125
-0.21655,0.115497076023392,-0.27459,0.0473074987418218,-0.30334,0.0321543408360129
-0.21506,0.118421052631579,-0.273028,0.0483140412682436,-0.301728,0.0329581993569132
-0.21357,0.119883040935673,-0.271466,0.0488173125314545,-0.300116,0.0345659163987138
-0.21208,0.119883040935673,-0.269904,0.0503271263210871,-0.298504,0.0361736334405145
-0.21059,0.119883040935673,-0.268342,0.0518369401107197,-0.296892,0.0377813504823151
-0.2091,0.119883040935673,-0.26678,0.0528434826371414,-0.29528,0.0377813504823151
-0.20761,0.119883040935673,-0.265218,0.0533467539003523,-0.293668,0.0393890675241158
-0.20612,0.12280701754386,-0.263656,0.054353296426774,-0.292056,0.0409967845659164
-0.20463,0.12719298245614,-0.262094,0.0563663814796175,-0.290444,0.0422025723472669
-0.20314,0.128654970760234,-0.260532,0.0578761952692501,-0.288832,0.0434083601286174
-0.20165,0.128654970760234,-0.25897,0.0593860090588827,-0.28722,0.045016077170418
-0.20016,0.131578947368421,-0.257408,0.0613990941117262,-0.285608,0.0462218649517685
-0.19867,0.133040935672515,-0.255846,0.0634121791645697,-0.283996,0.0462218649517685
-0.19718,0.133040935672515,-0.254284,0.0639154504277806,-0.282384,0.0482315112540193
-0.19569,0.134502923976608,-0.252722,0.0649219929542023,-0.280772,0.0498392282958199
-0.1942,0.134502923976608,-0.25116,0.0659285354806241,-0.27916,0.0502411575562701
-0.19271,0.134502923976608,-0.249598,0.0674383492702567,-0.277548,0.0518488745980707
-0.19122,0.134502923976608,-0.248036,0.0694514343231002,-0.275936,0.0538585209003215
-0.18973,0.135964912280702,-0.246474,0.0709612481127328,-0.274324,0.0554662379421222
-0.18824,0.135964912280702,-0.244912,0.0714645193759436,-0.272712,0.057475884244373
-0.18675,0.135964912280702,-0.24335,0.0734776044287871,-0.2711,0.059887459807074
-0.18526,0.135964912280702,-0.241788,0.073980875691998,-0.269488,0.0610932475884244
-0.18377,0.135964912280702,-0.240226,0.0754906894816306,-0.267876,0.0622990353697749
-0.18228,0.137426900584795,-0.238664,0.0764972320080523,-0.266264,0.0627009646302251
-0.18079,0.137426900584795,-0.237102,0.0785103170608958,-0.264652,0.0643086816720257
-0.1793,0.140350877192982,-0.23554,0.0805234021137393,-0.26304,0.065112540192926
-0.17781,0.140350877192982,-0.233978,0.081529944640161,-0.261428,0.0663183279742765
-0.17632,0.141812865497076,-0.232416,0.0820332159033719,-0.259816,0.0667202572347267
-0.17483,0.141812865497076,-0.230854,0.0840463009562154,-0.258204,0.0683279742765273
-0.17334,0.14327485380117,-0.229292,0.0850528434826371,-0.256592,0.0691318327974277
-0.17185,0.14327485380117,-0.22773,0.0860593860090589,-0.25498,0.0711414790996785
-0.17036,0.14327485380117,-0.226168,0.0865626572722697,-0.253368,0.0723472668810289
-0.16887,0.144736842105263,-0.224606,0.0880724710619024,-0.251756,0.0723472668810289
-0.16738,0.14766081871345,-0.223044,0.0880724710619024,-0.250144,0.0731511254019293
-0.16589,0.149122807017544,-0.221482,0.0885757423251132,-0.248532,0.0747588424437299
-0.1644,0.149122807017544,-0.21992,0.089582284851535,-0.24692,0.0763665594855305
-0.16291,0.152046783625731,-0.218358,0.0905888273779567,-0.245308,0.0787781350482315
-0.16142,0.153508771929825,-0.216796,0.0926019124308002,-0.243696,0.0807877813504823
-0.15993,0.153508771929825,-0.215234,0.0936084549572219,-0.242084,0.0811897106109325
-0.15844,0.154970760233918,-0.213672,0.0956215400100654,-0.240472,0.0831993569131833
-0.15695,0.154970760233918,-0.21211,0.0966280825364872,-0.23886,0.0852090032154341
-0.15546,0.157894736842105,-0.210548,0.0996477101157524,-0.237248,0.0868167202572347
-0.15397,0.159356725146199,-0.208986,0.101157523905385,-0.235636,0.087620578778135
-0.15248,0.159356725146199,-0.207424,0.102667337695018,-0.234024,0.0892282958199357
-0.15099,0.160818713450292,-0.205862,0.103170608958228,-0.232412,0.0892282958199357
-0.1495,0.162280701754386,-0.2043,0.104680422747861,-0.2308,0.090032154340836
-0.14801,0.162280701754386,-0.202738,0.105686965274283,-0.229188,0.0928456591639871
-0.14652,0.166666666666667,-0.201176,0.106190236537494,-0.227576,0.0932475884244373
-0.14503,0.169590643274854,-0.199614,0.107196779063915,-0.225964,0.0944533762057878
-0.14354,0.169590643274854,-0.198052,0.10971313537997,-0.224352,0.0944533762057878
-0.14205,0.169590643274854,-0.19649,0.110216406643181,-0.22274,0.0964630225080386
-0.14056,0.169590643274854,-0.194928,0.111726220432813,-0.221128,0.0972668810289389
-0.13907,0.172514619883041,-0.193366,0.114242576748868,-0.219516,0.0992765273311897
-0.13758,0.172514619883041,-0.191804,0.114745848012079,-0.217904,0.101286173633441
-0.13609,0.172514619883041,-0.190242,0.116255661801711,-0.216292,0.101688102893891
-0.1346,0.175438596491228,-0.18868,0.116758933064922,-0.21468,0.102090032154341
-0.13311,0.175438596491228,-0.187118,0.117765475591344,-0.213068,0.103697749196141
-0.13162,0.178362573099415,-0.185556,0.118772018117765,-0.211456,0.104903536977492
-0.13013,0.178362573099415,-0.183994,0.119275289380976,-0.209844,0.106913183279743
-0.12864,0.179824561403509,-0.182432,0.119275289380976,-0.208232,0.108118971061093
-0.12715,0.181286549707602,-0.18087,0.121791645697031,-0.20662,0.109726688102894
-0.12566,0.184210526315789,-0.179308,0.123301459486663,-0.205008,0.110128617363344
-0.12417,0.185672514619883,-0.177746,0.123301459486663,-0.203396,0.110932475884244
-0.12268,0.18859649122807,-0.176184,0.124308002013085,-0.201784,0.111736334405145
-0.12119,0.190058479532164,-0.174622,0.125817815802718,-0.200172,0.111736334405145
-0.1197,0.190058479532164,-0.17306,0.125817815802718,-0.19856,0.112540192926045
-0.11821,0.191520467836257,-0.171498,0.126824358329139,-0.196948,0.113745980707395
-0.11672,0.192982456140351,-0.169936,0.129340714645194,-0.195336,0.115755627009646
-0.11523,0.194444444444444,-0.168374,0.129843985908405,-0.193724,0.116157556270096
-0.11374,0.195906432748538,-0.166812,0.130850528434826,-0.192112,0.117765273311897
-0.11225,0.197368421052632,-0.16525,0.131353799698037,-0.1905,0.119372990353698
-0.11076,0.198830409356725,-0.163688,0.131857070961248,-0.188888,0.120578778135048
-0.10927,0.200292397660819,-0.162126,0.133870156014092,-0.187276,0.122186495176849
-0.10778,0.201754385964912,-0.160564,0.135379969803724,-0.185664,0.122186495176849
-0.10629,0.203216374269006,-0.159002,0.135883241066935,-0.184052,0.12379421221865
-0.1048,0.204678362573099,-0.15744,0.136386512330146,-0.18244,0.12459807073955
-0.10331,0.207602339181287,-0.155878,0.136889783593357,-0.180828,0.12540192926045
-0.10182,0.207602339181287,-0.154316,0.136889783593357,-0.179216,0.12540192926045
-0.10033,0.207602339181287,-0.152754,0.138399597382989,-0.177604,0.126607717041801
-0.09884,0.20906432748538,-0.151192,0.139909411172622,-0.175992,0.128617363344051
-0.09735,0.210526315789474,-0.14963,0.142425767488676,-0.17438,0.129823151125402
-0.0958600000000001,0.210526315789474,-0.148068,0.143432310015098,-0.172768,0.131028938906752
-0.0943700000000001,0.210526315789474,-0.146506,0.144942123804731,-0.171156,0.132636655948553
-0.0928800000000001,0.213450292397661,-0.144944,0.146955208857574,-0.169544,0.133440514469453
-0.0913900000000001,0.213450292397661,-0.143382,0.147458480120785,-0.167932,0.135450160771704
-0.0899000000000001,0.214912280701754,-0.14182,0.148465022647207,-0.16632,0.137459807073955
-0.08841,0.214912280701754,-0.140258,0.148968293910418,-0.164708,0.138263665594855
-0.08692,0.214912280701754,-0.138696,0.149974836436839,-0.163096,0.140675241157556
-0.08543,0.214912280701754,-0.137134,0.15047810770005,-0.161484,0.141479099678457
-0.08394,0.214912280701754,-0.135572,0.15047810770005,-0.159872,0.142282958199357
-0.08245,0.217836257309942,-0.13401,0.151484650226472,-0.15826,0.143086816720257
-0.08096,0.219298245614035,-0.132448,0.151987921489683,-0.156648,0.143488745980707
-0.07947,0.220760233918129,-0.130886,0.154001006542526,-0.155036,0.143488745980707
-0.07798,0.220760233918129,-0.129324,0.154001006542526,-0.153424,0.144694533762058
-0.0764900000000001,0.222222222222222,-0.127762,0.15601409159537,-0.151812,0.146302250803859
-0.0750000000000001,0.223684210526316,-0.1262,0.157523905385003,-0.1502,0.146704180064309
-0.0735100000000001,0.225146198830409,-0.124638,0.159536990437846,-0.148588,0.148311897106109
-0.0720200000000001,0.226608187134503,-0.123076,0.160040261701057,-0.146976,0.14911575562701
-0.0705300000000001,0.226608187134503,-0.121514,0.160040261701057,-0.145364,0.15032154340836
-0.06904,0.228070175438596,-0.119952,0.161046804227479,-0.143752,0.152331189710611
-0.06755,0.228070175438596,-0.11839,0.161046804227479,-0.14214,0.153938906752412
-0.06606,0.228070175438596,-0.116828,0.163059889280322,-0.140528,0.153938906752412
-0.06457,0.228070175438596,-0.115266,0.163563160543533,-0.138916,0.155144694533762
-0.06308,0.22953216374269,-0.113704,0.166079516859587,-0.137304,0.156752411575563
-0.06159,0.230994152046784,-0.112142,0.167086059386009,-0.135692,0.157154340836013
-0.0601,0.230994152046784,-0.11058,0.167086059386009,-0.13408,0.158360128617363
-0.0586100000000001,0.233918128654971,-0.109018,0.168595873175642,-0.132468,0.158762057877814
-0.0571200000000001,0.235380116959064,-0.107456,0.170608958228485,-0.130856,0.159967845659164
-0.0556300000000001,0.235380116959064,-0.105894,0.171615500754907,-0.129244,0.160369774919614
-0.0541400000000001,0.238304093567251,-0.104332,0.172118772018118,-0.127632,0.161575562700965
-0.0526500000000001,0.238304093567251,-0.10277,0.173125314544539,-0.12602,0.161977491961415
-0.0511600000000001,0.238304093567251,-0.101208,0.174131857070961,-0.124408,0.162379421221865
-0.04967,0.238304093567251,-0.099646,0.174635128334172,-0.122796,0.163183279742765
-0.04818,0.238304093567251,-0.0980839999999999,0.174635128334172,-0.121184,0.164790996784566
-0.04669,0.239766081871345,-0.096522,0.175641670860594,-0.119572,0.164790996784566
-0.0452,0.239766081871345,-0.09496,0.176648213387016,-0.11796,0.164790996784566
-0.04371,0.241228070175439,-0.093398,0.176648213387016,-0.116348,0.164790996784566
-0.04222,0.241228070175439,-0.091836,0.177151484650226,-0.114736,0.165996784565916
-0.04073,0.242690058479532,-0.090274,0.177151484650226,-0.113124,0.166800643086817
-0.0392400000000001,0.245614035087719,-0.088712,0.178158027176648,-0.111512,0.168810289389068
-0.0377500000000001,0.245614035087719,-0.0871499999999999,0.180171112229492,-0.1099,0.169614147909968
-0.0362600000000001,0.245614035087719,-0.085588,0.182184197282335,-0.108288,0.172025723472669
-0.0347700000000001,0.245614035087719,-0.084026,0.184197282335179,-0.106676,0.173633440514469
-0.0332800000000001,0.25,-0.082464,0.186210367388022,-0.105064,0.17403536977492
-0.03179,0.251461988304094,-0.080902,0.187216909914444,-0.103452,0.17524115755627
-0.0303,0.251461988304094,-0.07934,0.188726723704077,-0.10184,0.17604501607717
-0.02881,0.252923976608187,-0.077778,0.188726723704077,-0.100228,0.177250803858521
-0.02732,0.254385964912281,-0.076216,0.19073980875692,-0.098616,0.178054662379421
-0.02583,0.255847953216374,-0.074654,0.191746351283342,-0.0970040000000001,0.178858520900322
-0.02434,0.260233918128655,-0.073092,0.193759436336185,-0.095392,0.179662379421222
-0.02285,0.263157894736842,-0.07153,0.194765978862607,-0.0937800000000001,0.180064308681672
-0.02136,0.266081871345029,-0.069968,0.19677906391545,-0.092168,0.180466237942122
-0.0198700000000001,0.267543859649123,-0.068406,0.197785606441872,-0.0905560000000001,0.182073954983923
-0.0183800000000001,0.269005847953216,-0.066844,0.201811776547559,-0.088944,0.182877813504823
-0.0168900000000001,0.271929824561404,-0.065282,0.201811776547559,-0.0873320000000001,0.184887459807074
-0.0154000000000001,0.271929824561404,-0.06372,0.203321590337192,-0.08572,0.186495176848875
-0.0139100000000001,0.273391812865497,-0.062158,0.204831404126824,-0.0841080000000001,0.187299035369775
-0.01242,0.273391812865497,-0.060596,0.205334675390035,-0.082496,0.188504823151125
-0.01093,0.273391812865497,-0.059034,0.205837946653246,-0.0808840000000001,0.188504823151125
-0.00944,0.277777777777778,-0.057472,0.206844489179668,-0.0792720000000001,0.190112540192926
-0.00795000000000001,0.279239766081871,-0.05591,0.2083543029693,-0.0776600000000001,0.191720257234727
-0.00646000000000002,0.279239766081871,-0.054348,0.2083543029693,-0.0760480000000001,0.191720257234727
-0.00497000000000003,0.279239766081871,-0.052786,0.208857574232511,-0.0744360000000001,0.192926045016077
-0.00348000000000004,0.279239766081871,-0.051224,0.211373930548566,-0.0728240000000001,0.194533762057878
-0.00199000000000005,0.279239766081871,-0.049662,0.212380473074987,-0.0712120000000001,0.196543408360129
-0.000500000000000056,0.280701754385965,-0.0481,0.21389028686462,-0.0696000000000001,0.198151125401929
0.000989999999999935,0.308479532163743,-0.046538,0.214393558127831,-0.067988,0.20016077170418
0.00247999999999993,0.309941520467836,-0.044976,0.215400100654253,-0.0663760000000001,0.20096463022508
0.00396999999999992,0.309941520467836,-0.043414,0.216406643180674,-0.064764,0.201768488745981
0.00545999999999991,0.31140350877193,-0.041852,0.217413185707096,-0.0631520000000001,0.202974276527331
0.00695000000000001,0.31140350877193,-0.0402899999999999,0.218419728233518,-0.06154,0.204180064308682
0.00844,0.314327485380117,-0.038728,0.218922999496729,-0.0599280000000001,0.204581993569132
0.00992999999999999,0.314327485380117,-0.037166,0.220936084549572,-0.058316,0.204581993569132
0.01142,0.317251461988304,-0.035604,0.222949169602416,-0.0567040000000001,0.205385852090032
0.01291,0.317251461988304,-0.034042,0.223955712128837,-0.055092,0.207395498392283
0.0144,0.320175438596491,-0.03248,0.226975339708103,-0.0534800000000001,0.208601286173633
0.01589,0.320175438596491,-0.030918,0.227478610971314,-0.051868,0.209003215434084
0.01738,0.321637426900585,-0.0293559999999999,0.228485153497735,-0.0502560000000001,0.211012861736334
0.0188699999999999,0.323099415204678,-0.027794,0.228485153497735,-0.048644,0.213022508038585
0.0203599999999999,0.326023391812865,-0.026232,0.228485153497735,-0.0470320000000001,0.213424437299035
0.0218499999999999,0.326023391812865,-0.02467,0.230498238550579,-0.04542,0.215032154340836
0.0233399999999999,0.327485380116959,-0.023108,0.23100150981379,-0.0438080000000001,0.216237942122186
0.0248299999999999,0.327485380116959,-0.021546,0.232008052340211,-0.0421960000000001,0.217443729903537
0.02632,0.328947368421053,-0.019984,0.234524408656266,-0.0405840000000001,0.218649517684887
0.02781,0.328947368421053,-0.0184219999999999,0.235027679919477,-0.0389720000000001,0.219453376205788
0.0293,0.330409356725146,-0.01686,0.235530951182687,-0.0373600000000001,0.220257234726688
0.03079,0.330409356725146,-0.015298,0.236537493709109,-0.0357480000000001,0.221864951768489
0.03228,0.330409356725146,-0.013736,0.237544036235531,-0.0341360000000001,0.222266881028939
0.03377,0.333333333333333,-0.012174,0.238047307498742,-0.0325240000000001,0.222668810289389
0.03526,0.333333333333333,-0.010612,0.240060392551585,-0.0309120000000001,0.22508038585209
0.0367499999999999,0.333333333333333,-0.00905,0.240060392551585,-0.0293000000000001,0.226688102893891
0.0382399999999999,0.33625730994152,-0.00748799999999994,0.240060392551585,-0.027688,0.227090032154341
0.0397299999999999,0.33625730994152,-0.00592599999999999,0.240060392551585,-0.0260760000000001,0.227491961414791
0.0412199999999999,0.337719298245614,-0.00436400000000003,0.240060392551585,-0.024464,0.228697749196141
0.0427099999999999,0.337719298245614,-0.00280199999999997,0.240060392551585,-0.0228520000000001,0.229099678456592
0.0442,0.340643274853801,-0.00124000000000002,0.241066935078007,-0.02124,0.229501607717042
0.04569,0.342105263157895,0.000322000000000044,0.306995470558631,-0.0196280000000001,0.229903536977492
0.04718,0.342105263157895,0.001884,0.306995470558631,-0.018016,0.230305466237942
0.04867,0.342105263157895,0.00344600000000006,0.306995470558631,-0.0164040000000001,0.231109324758842
0.05016,0.346491228070175,0.00500800000000001,0.307498741821842,-0.014792,0.231511254019293
0.05165,0.35233918128655,0.00656999999999996,0.308505284348264,-0.0131800000000001,0.232315112540193
0.05314,0.35233918128655,0.00813200000000003,0.309511826874685,-0.011568,0.233118971061093
0.05463,0.353801169590643,0.00969399999999998,0.310015098137896,-0.00995600000000008,0.233922829581994
0.0561199999999999,0.355263157894737,0.011256,0.310518369401107,-0.00834400000000002,0.233922829581994
0.0576099999999999,0.35672514619883,0.012818,0.311524911927529,-0.00673200000000007,0.234324758842444
0.0590999999999999,0.359649122807018,0.0143800000000001,0.311524911927529,-0.00512000000000012,0.235530546623794
0.0605899999999999,0.361111111111111,0.015942,0.312531454453951,-0.00350800000000007,0.236334405144695
0.0620799999999999,0.362573099415205,0.017504,0.313537996980372,-0.00189600000000012,0.236736334405145
0.06357,0.364035087719298,0.019066,0.315551082033216,-0.000284000000000062,0.236736334405145
0.06506,0.365497076023392,0.020628,0.316054353296427,0.00132799999999988,0.276929260450161
0.06655,0.366959064327485,0.02219,0.316557624559638,0.00293999999999994,0.277331189710611
0.06804,0.368421052631579,0.023752,0.31806743834927,0.00455199999999989,0.277733118971061
0.06953,0.369883040935673,0.0253140000000001,0.320080523402114,0.00616399999999995,0.278135048231511
0.07102,0.374269005847953,0.026876,0.321590337191746,0.00777599999999989,0.278135048231511
0.07251,0.374269005847953,0.028438,0.322596879718168,0.00938799999999995,0.278938906752412
0.074,0.374269005847953,0.03,0.324106693507801,0.0109999999999999,0.279742765273312
0.0754899999999999,0.374269005847953,0.031562,0.325616507297433,0.012612,0.281350482315113
0.0769799999999999,0.374269005847953,0.033124,0.327126321087066,0.0142239999999999,0.282556270096463
0.0784699999999999,0.37719298245614,0.034686,0.327629592350277,0.015836,0.284565916398714
0.0799599999999999,0.37719298245614,0.0362480000000001,0.32964267740312,0.0174479999999999,0.286575562700965
0.0814499999999999,0.383040935672515,0.03781,0.331152491192753,0.01906,0.287379421221865
0.08294,0.384502923976608,0.039372,0.332159033719175,0.0206719999999999,0.288987138263666
0.08443,0.387426900584795,0.040934,0.333165576245596,0.022284,0.290192926045016
0.08592,0.387426900584795,0.042496,0.333165576245596,0.0238959999999999,0.291800643086817
0.08741,0.387426900584795,0.044058,0.334675390035229,0.025508,0.293408360128617
0.0889,0.390350877192982,0.04562,0.337191746351283,0.0271199999999999,0.294212218649518
0.09039,0.391812865497076,0.0471820000000001,0.339204831404127,0.028732,0.295819935691318
0.09188,0.39327485380117,0.048744,0.341721187720181,0.0303439999999999,0.297025723472669
0.09337,0.39327485380117,0.050306,0.344237544036236,0.0319559999999999,0.29903536977492
0.0948599999999999,0.396198830409357,0.051868,0.346250629089079,0.0335679999999999,0.29983922829582
0.0963499999999999,0.39766081871345,0.05343,0.347257171615501,0.0351799999999999,0.30064308681672
0.0978399999999999,0.403508771929825,0.054992,0.349270256668344,0.0367919999999999,0.302250803858521
0.0993299999999999,0.406432748538012,0.056554,0.350780070457977,0.0384039999999999,0.304260450160772
0.10082,0.407894736842105,0.0581160000000001,0.352289884247609,0.0400159999999999,0.304662379421222
0.10231,0.412280701754386,0.059678,0.353296426774031,0.0416279999999999,0.307073954983923
0.1038,0.412280701754386,0.06124,0.353296426774031,0.0432399999999999,0.307877813504823
0.10529,0.41374269005848,0.062802,0.354302969300453,0.0448519999999999,0.309083601286174
0.10678,0.415204678362573,0.064364,0.355812783090086,0.0464639999999999,0.309887459807074
0.10827,0.415204678362573,0.065926,0.357825868142929,0.0480759999999999,0.313504823151125
0.10976,0.41812865497076,0.067488,0.358832410669351,0.049688,0.315112540192926
0.11125,0.419590643274854,0.0690500000000001,0.361348766985405,0.0512999999999999,0.315916398713826
0.11274,0.421052631578947,0.070612,0.362858580775038,0.052912,0.315916398713826
0.11423,0.422514619883041,0.072174,0.364871665827881,0.0545239999999999,0.316720257234727
0.11572,0.423976608187135,0.073736,0.368394564670357,0.056136,0.317122186495177
0.11721,0.426900584795322,0.075298,0.371414192249623,0.0577479999999999,0.318327974276527
0.1187,0.429824561403509,0.07686,0.373427277302466,0.05936,0.319935691318328
0.12019,0.431286549707602,0.078422,0.374433819828888,0.0609719999999999,0.321945337620579
0.12168,0.432748538011696,0.0799840000000001,0.374433819828888,0.062584,0.32475884244373
0.12317,0.432748538011696,0.081546,0.376446904881731,0.0641959999999999,0.326768488745981
0.12466,0.43859649122807,0.083108,0.377956718671364,0.065808,0.328376205787781
0.12615,0.442982456140351,0.08467,0.379969803724207,0.0674199999999999,0.329983922829582
0.12764,0.442982456140351,0.086232,0.380473074987418,0.0690319999999999,0.331189710610932
0.12913,0.442982456140351,0.087794,0.381982888777051,0.0706439999999999,0.333601286173633
0.13062,0.444444444444444,0.089356,0.383995973829894,0.0722559999999999,0.335610932475884
0.13211,0.447368421052632,0.0909180000000001,0.385002516356316,0.0738679999999999,0.336414790996785
0.1336,0.447368421052632,0.09248,0.386009058882738,0.0754799999999999,0.338022508038585
0.13509,0.447368421052632,0.094042,0.38701560140916,0.0770919999999999,0.339228295819936
0.13658,0.447368421052632,0.095604,0.390035228988425,0.0787039999999999,0.340836012861736
0.13807,0.448830409356725,0.097166,0.391041771514846,0.0803159999999999,0.341237942122186
0.13956,0.451754385964912,0.098728,0.394061399094112,0.0819279999999999,0.342041800643087
0.14105,0.451754385964912,0.10029,0.396074484146955,0.0835399999999999,0.344051446945338
0.14254,0.453216374269006,0.101852,0.396577755410166,0.0851519999999999,0.344855305466238
0.14403,0.453216374269006,0.103414,0.39859084046301,0.086764,0.346061093247588
0.14552,0.453216374269006,0.104976,0.401107196779064,0.0883759999999999,0.34967845659164
0.14701,0.453216374269006,0.106538,0.403623553095118,0.089988,0.352090032154341
0.1485,0.456140350877193,0.1081,0.40463009562154,0.0915999999999999,0.354099678456592
0.14999,0.457602339181287,0.109662,0.40463009562154,0.093212,0.356511254019293
0.15148,0.457602339181287,0.111224,0.405636638147962,0.0948239999999999,0.356913183279743
0.15297,0.457602339181287,0.112786,0.406643180674383,0.096436,0.357315112540193
0.15446,0.45906432748538,0.114348,0.408152994464016,0.0980479999999999,0.359324758842444
0.15595,0.45906432748538,0.11591,0.409662808253649,0.09966,0.360530546623794
0.15744,0.460526315789474,0.117472,0.412682435832914,0.101272,0.361736334405145
0.15893,0.460526315789474,0.119034,0.413185707096125,0.102884,0.364147909967846
0.16042,0.461988304093567,0.120596,0.414192249622547,0.104496,0.365755627009646
0.16191,0.461988304093567,0.122158,0.417715148465023,0.106108,0.366961414790997
0.1634,0.466374269005848,0.12372,0.420231504781077,0.10772,0.368167202572347
0.16489,0.466374269005848,0.125282,0.424257674886764,0.109332,0.369774919614148
0.16638,0.469298245614035,0.126844,0.427277302466029,0.110944,0.370980707395498
0.16787,0.470760233918129,0.128406,0.430296930045294,0.112556,0.371382636655949
0.16936,0.472222222222222,0.129968,0.432310015098138,0.114168,0.372588424437299
0.17085,0.472222222222222,0.13153,0.434826371414192,0.11578,0.3741961414791
0.17234,0.473684210526316,0.133092,0.436839456467036,0.117392,0.37620578778135
0.17383,0.476608187134503,0.134654,0.437845998993457,0.119004,0.377411575562701
0.17532,0.478070175438596,0.136216,0.439859084046301,0.120616,0.379823151125402
0.17681,0.480994152046784,0.137778,0.440865626572723,0.122228,0.382234726688103
0.1783,0.482456140350877,0.13934,0.444388525415199,0.12384,0.383440514469453
0.17979,0.486842105263158,0.140902,0.445898339204831,0.125452,0.386254019292605
0.18128,0.494152046783626,0.142464,0.446401610468042,0.127064,0.386655948553055
0.18277,0.495614035087719,0.144026,0.446904881731253,0.128676,0.390273311897106
0.18426,0.501461988304094,0.145588,0.446904881731253,0.130288,0.392684887459807
0.18575,0.501461988304094,0.14715,0.448917966784097,0.1319,0.395900321543408
0.18724,0.502923976608187,0.148712,0.449924509310518,0.133512,0.40032154340836
0.18873,0.502923976608187,0.150274,0.451434323100151,0.135124,0.402733118971061
0.19022,0.504385964912281,0.151836,0.452440865626573,0.136736,0.405948553054662
0.19171,0.508771929824561,0.153398,0.453950679416205,0.138348,0.407958199356913
0.1932,0.508771929824561,0.15496,0.454453950679416,0.13996,0.409565916398714
0.19469,0.511695906432749,0.156522,0.454957221942627,0.141572,0.411575562700965
0.19618,0.516081871345029,0.158084,0.457976849521892,0.143184,0.412379421221865
0.19767,0.517543859649123,0.159646,0.461499748364368,0.144796,0.414790996784566
0.19916,0.519005847953216,0.161208,0.464519375943634,0.146408,0.415192926045016
0.20065,0.519005847953216,0.16277,0.465022647206844,0.14802,0.417202572347267
0.20214,0.519005847953216,0.164332,0.466532460996477,0.149632,0.420418006430868
0.20363,0.521929824561403,0.165894,0.467035732259688,0.151244,0.421623794212219
0.20512,0.523391812865497,0.167456,0.470558631102164,0.152856,0.423231511254019
0.20661,0.526315789473684,0.169018,0.473074987418218,0.154468,0.42483922829582
0.2081,0.529239766081871,0.17058,0.475088072471062,0.15608,0.42604501607717
0.20959,0.530701754385965,0.172142,0.477101157523905,0.157692,0.428054662379421
0.21108,0.532163742690059,0.173704,0.478610971313538,0.159304,0.430466237942122
0.21257,0.533625730994152,0.175266,0.480624056366382,0.160916,0.432475884244373
0.21406,0.538011695906433,0.176828,0.482637141419225,0.162528,0.434485530546624
0.21555,0.539473684210526,0.17839,0.484146955208858,0.16414,0.435691318327974
0.21704,0.539473684210526,0.179952,0.48565676899849,0.165752,0.438906752411576
0.21853,0.542397660818713,0.181514,0.489682939104177,0.167364,0.440514469453376
0.22002,0.545321637426901,0.183076,0.490689481630599,0.168976,0.442524115755627
0.22151,0.546783625730994,0.184638,0.492702566683442,0.170588,0.444533762057878
0.223,0.546783625730994,0.1862,0.493709109209864,0.1722,0.446141479099678
0.22449,0.548245614035088,0.187762,0.494715651736286,0.173812,0.447749196141479
0.22598,0.551169590643275,0.189324,0.496225465525918,0.175424,0.44895498392283
0.22747,0.552631578947368,0.190886,0.498238550578762,0.177036,0.451768488745981
0.22896,0.557017543859649,0.192448,0.500251635631605,0.178648,0.453778135048232
0.23045,0.558479532163743,0.19401,0.50276799194766,0.18026,0.456189710610932
0.23194,0.559941520467836,0.195572,0.504781077000503,0.181872,0.458199356913183
0.23343,0.56140350877193,0.197134,0.507297433316558,0.183484,0.460610932475884
0.23492,0.56140350877193,0.198696,0.509310518369401,0.185096,0.462218649517685
0.23641,0.56140350877193,0.200258,0.511323603422245,0.186708,0.464630225080386
0.2379,0.562865497076023,0.20182,0.513336688475088,0.18832,0.467041800643087
0.23939,0.562865497076023,0.203382,0.516356316054353,0.189932,0.471463022508039
0.24088,0.564327485380117,0.204944,0.518872672370408,0.191544,0.472668810289389
0.24237,0.564327485380117,0.206506,0.519879214896829,0.193156,0.47548231511254
0.24386,0.564327485380117,0.208068,0.521389028686462,0.194768,0.476286173633441
0.24535,0.567251461988304,0.20963,0.523905385002516,0.19638,0.477893890675241
0.24684,0.568713450292398,0.211192,0.526421741318571,0.197992,0.480707395498392
0.24833,0.571637426900585,0.212754,0.528434826371414,0.199604,0.482315112540193
0.24982,0.577485380116959,0.214316,0.529944640161047,0.201216,0.485128617363344
0.25131,0.578947368421053,0.215878,0.53195772521389,0.202828,0.487942122186495
0.2528,0.580409356725146,0.21744,0.533467539003523,0.20444,0.490755627009646
0.25429,0.580409356725146,0.219002,0.535983895319577,0.206052,0.491559485530547
0.25578,0.580409356725146,0.220564,0.539003522898842,0.207664,0.495176848874598
0.25727,0.58187134502924,0.222126,0.541519879214897,0.209276,0.496382636655949
0.25876,0.583333333333333,0.223688,0.541519879214897,0.210888,0.49959807073955
0.26025,0.587719298245614,0.22525,0.54353296426774,0.2125,0.50120578778135
0.26174,0.590643274853801,0.226812,0.545042778057373,0.214112,0.503617363344051
0.26323,0.590643274853801,0.228374,0.547055863110216,0.215724,0.506028938906752
0.26472,0.593567251461988,0.229936,0.549572219426271,0.217336,0.507636655948553
0.26621,0.597953216374269,0.231498,0.553598389531958,0.218948,0.510450160771704
0.2677,0.599415204678363,0.23306,0.55510820332159,0.22056,0.512057877813505
0.26919,0.600877192982456,0.234622,0.556618017111223,0.222172,0.513263665594855
0.27068,0.60672514619883,0.236184,0.558127830900856,0.223784,0.514469453376206
0.27217,0.60672514619883,0.237746,0.56064418721691,0.225396,0.516881028938907
0.27366,0.60672514619883,0.239308,0.562154001006543,0.227008,0.517684887459807
0.27515,0.611111111111111,0.24087,0.563663814796175,0.22862,0.519292604501608
0.27664,0.612573099415205,0.242432,0.564670357322597,0.230232,0.523713826366559
0.27813,0.616959064327485,0.243994,0.568193256165073,0.231844,0.526929260450161
0.27962,0.618421052631579,0.245556,0.570206341217916,0.233456,0.528135048231511
0.28111,0.621345029239766,0.247118,0.573225968797182,0.235068,0.529340836012862
0.2826,0.621345029239766,0.24868,0.574232511323603,0.23668,0.533360128617363
0.28409,0.624269005847953,0.250242,0.576748867639658,0.238292,0.534163987138264
0.28558,0.62719298245614,0.251804,0.577252138902869,0.239904,0.538183279742765
0.28707,0.630116959064328,0.253366,0.57825868142929,0.241516,0.540594855305466
0.28856,0.630116959064328,0.254928,0.579768495218923,0.243128,0.542604501607717
0.29005,0.633040935672515,0.25649,0.580271766482134,0.24474,0.545418006430868
0.29154,0.635964912280702,0.258052,0.581781580271767,0.246352,0.54903536977492
0.29303,0.637426900584795,0.259614,0.585304479114243,0.247964,0.54943729903537
0.29452,0.637426900584795,0.261176,0.586311021640664,0.249576,0.55104501607717
0.29601,0.641812865497076,0.262738,0.588827377956719,0.251188,0.553858520900322
0.2975,0.641812865497076,0.2643,0.591343734272773,0.2528,0.554662379421222
0.29899,0.644736842105263,0.265862,0.592350276799195,0.254412,0.556672025723473
0.30048,0.646198830409357,0.267424,0.594866633115249,0.256024,0.558681672025723
0.30197,0.652046783625731,0.268986,0.596376446904882,0.257636,0.561495176848875
0.30346,0.653508771929825,0.270548,0.598892803220936,0.259248,0.564710610932476
0.30495,0.654970760233918,0.27211,0.601912430800201,0.26086,0.567926045016077
0.30644,0.657894736842105,0.273672,0.602918973326623,0.262472,0.570337620578778
0.30793,0.657894736842105,0.275234,0.603925515853045,0.264084,0.572347266881029
0.30942,0.657894736842105,0.276796,0.606441872169099,0.265696,0.572749196141479
0.31091,0.659356725146199,0.278358,0.608958228485153,0.267308,0.573553054662379
0.3124,0.665204678362573,0.27992,0.610468042274786,0.26892,0.577572347266881
0.31389,0.665204678362573,0.281482,0.61298439859084,0.270532,0.579983922829582
0.31538,0.669590643274854,0.283044,0.614997483643684,0.272144,0.581591639871383
0.31687,0.673976608187134,0.284606,0.617010568696527,0.273756,0.585209003215434
0.31836,0.675438596491228,0.286168,0.619526925012582,0.275368,0.588424437299035
0.31985,0.675438596491228,0.28773,0.621036738802214,0.27698,0.588826366559486
0.32134,0.676900584795322,0.289292,0.621540010065425,0.278592,0.591639871382637
0.32283,0.678362573099415,0.290854,0.623049823855058,0.280204,0.592041800643087
0.32432,0.679824561403509,0.292416,0.626069451434323,0.281816,0.594855305466238
0.32581,0.681286549707602,0.293978,0.628082536487167,0.283428,0.596864951768489
0.3273,0.682748538011696,0.29554,0.629089079013588,0.28504,0.597668810289389
0.32879,0.682748538011696,0.297102,0.630598892803221,0.286652,0.59927652733119
0.33028,0.685672514619883,0.298664,0.631605435329643,0.288264,0.601688102893891
0.33177,0.68859649122807,0.300226,0.633618520382486,0.289876,0.603295819935691
0.33326,0.690058479532164,0.301788,0.634625062908908,0.291488,0.605305466237942
0.33475,0.692982456140351,0.30335,0.636638147961751,0.2931,0.608520900321543
0.33624,0.695906432748538,0.304912,0.637141419224962,0.294712,0.610932475884244
0.33773,0.697368421052632,0.306474,0.639154504277806,0.296324,0.612942122186495
0.33922,0.698830409356725,0.308036,0.64167086059386,0.297936,0.614147909967846
0.34071,0.698830409356725,0.309598,0.642677403120282,0.299548,0.616559485530547
0.3422,0.698830409356725,0.31116,0.643683945646704,0.30116,0.618569131832797
0.34369,0.698830409356725,0.312722,0.645697030699547,0.302772,0.619774919614148
0.34518,0.701754385964912,0.314284,0.649723200805234,0.304384,0.621784565916399
0.34667,0.703216374269006,0.315846,0.651233014594867,0.305996,0.62459807073955
0.34816,0.704678362573099,0.317408,0.652742828384499,0.307608,0.627009646302251
0.34965,0.706140350877193,0.31897,0.65324609964771,0.30922,0.627411575562701
0.35114,0.706140350877193,0.320532,0.654755913437343,0.310832,0.629421221864952
0.35263,0.707602339181287,0.322094,0.656265727226975,0.312444,0.631028938906752
0.35412,0.70906432748538,0.323656,0.657775541016608,0.314056,0.633038585209003
0.35561,0.70906432748538,0.325218,0.65878208354303,0.315668,0.634244372990354
0.3571,0.70906432748538,0.32678,0.660795168595873,0.31728,0.635450160771704
0.35859,0.70906432748538,0.328342,0.662808253648717,0.318892,0.636655948553055
0.36008,0.710526315789474,0.329904,0.66482133870156,0.320504,0.639871382636656
0.36157,0.714912280701754,0.331466,0.666331152491193,0.322116,0.641479099678457
0.36306,0.714912280701754,0.333028,0.667840966280825,0.323728,0.641881028938907
0.36455,0.716374269005848,0.33459,0.668344237544036,0.32534,0.644694533762058
0.36604,0.719298245614035,0.336152,0.669350780070458,0.326952,0.646302250803859
0.36753,0.719298245614035,0.337714,0.670860593860091,0.328564,0.647909967845659
0.36902,0.722222222222222,0.339276,0.671363865123301,0.330176,0.64991961414791
0.37051,0.722222222222222,0.340838,0.671867136386512,0.331788,0.651929260450161
0.372,0.722222222222222,0.3424,0.672873678912934,0.3334,0.654340836012862
0.37349,0.723684210526316,0.343962,0.672873678912934,0.335012,0.656752411575563
0.37498,0.728070175438597,0.345524,0.674383492702567,0.336624,0.658762057877814
0.37647,0.728070175438597,0.347086,0.675893306492199,0.338236,0.659967845659164
0.37796,0.728070175438597,0.348648,0.677906391545043,0.339848,0.661575562700965
0.37945,0.72953216374269,0.35021,0.677906391545043,0.34146,0.664790996784566
0.38094,0.730994152046784,0.351772,0.678912934071464,0.343072,0.668006430868167
0.38243,0.730994152046784,0.353334,0.679919476597886,0.344684,0.670016077170418
0.38392,0.733918128654971,0.354896,0.681429290387519,0.346296,0.672427652733119
0.38541,0.735380116959064,0.356458,0.684448917966784,0.347908,0.67604501607717
0.3869,0.735380116959064,0.35802,0.685455460493206,0.34952,0.679662379421222
0.38839,0.735380116959064,0.359582,0.685958731756417,0.351132,0.682475884244373
0.38988,0.735380116959064,0.361144,0.687468545546049,0.352744,0.684485530546624
0.39137,0.735380116959064,0.362706,0.690488173125315,0.354356,0.687700964630225
0.39286,0.739766081871345,0.364268,0.692501258178158,0.355968,0.689308681672026
0.39435,0.739766081871345,0.36583,0.69350780070458,0.35758,0.692524115755627
0.39584,0.744152046783626,0.367392,0.694011071967791,0.359192,0.693729903536977
0.39733,0.75,0.368954,0.696527428283845,0.360804,0.696141479099678
0.39882,0.75,0.370516,0.698037242073478,0.362416,0.697749196141479
0.40031,0.752923976608187,0.372078,0.69954705586311,0.364028,0.701768488745981
0.4018,0.754385964912281,0.37364,0.700553598389532,0.36564,0.703778135048232
0.40329,0.760233918128655,0.375202,0.703069954705586,0.367252,0.704983922829582
0.40478,0.760233918128655,0.376764,0.70508303975843,0.368864,0.706189710610932
0.40627,0.760233918128655,0.378326,0.706089582284852,0.370476,0.709003215434084
0.40776,0.761695906432749,0.379888,0.709109209864117,0.372088,0.710610932475884
0.40925,0.766081871345029,0.38145,0.710115752390538,0.3737,0.711414790996785
0.41074,0.769005847953216,0.383012,0.712632108706593,0.375312,0.713022508038585
0.41223,0.769005847953216,0.384574,0.713638651233015,0.376924,0.715032154340836
0.41372,0.769005847953216,0.386136,0.716155007549069,0.378536,0.716237942122186
0.41521,0.77046783625731,0.387698,0.719174635128334,0.380148,0.718649517684887
0.4167,0.77046783625731,0.38926,0.720684448917967,0.38176,0.720659163987138
0.41819,0.774853801169591,0.390822,0.724207347760443,0.383372,0.722266881028939
0.41968,0.776315789473684,0.392384,0.726723704076497,0.384984,0.723472668810289
0.42117,0.777777777777778,0.393946,0.727730246602919,0.386596,0.72548231511254
0.42266,0.779239766081871,0.395508,0.731253145445395,0.388208,0.729501607717042
0.42415,0.782163742690059,0.39707,0.734776044287871,0.38982,0.731913183279743
0.42564,0.782163742690059,0.398632,0.736789129340715,0.391432,0.733922829581994
0.42713,0.785087719298246,0.400194,0.737795671867136,0.393044,0.736334405144695
0.42862,0.785087719298246,0.401756,0.73980875691998,0.394656,0.739549839228296
0.43011,0.785087719298246,0.403318,0.740312028183191,0.396268,0.741961414790997
0.4316,0.785087719298246,0.40488,0.742828384499245,0.39788,0.743971061093248
0.43309,0.786549707602339,0.406442,0.743834927025667,0.399492,0.745578778135048
0.43458,0.789473684210526,0.408004,0.744841469552089,0.401104,0.747186495176849
0.43607,0.792397660818713,0.409566,0.746854554604932,0.402716,0.74959807073955
0.43756,0.792397660818713,0.411128,0.748364368394565,0.404328,0.751607717041801
0.43905,0.795321637426901,0.41269,0.749370910920986,0.40594,0.753617363344051
0.44054,0.795321637426901,0.414252,0.75138399597383,0.407552,0.755627009646302
0.44203,0.796783625730994,0.415814,0.752893809763463,0.409164,0.758038585209003
0.44352,0.796783625730994,0.417376,0.754906894816306,0.410776,0.760852090032154
0.44501,0.796783625730994,0.418938,0.756416708605939,0.412388,0.762057877813505
0.4465,0.798245614035088,0.4205,0.759939607448415,0.414,0.762861736334405
0.44799,0.801169590643275,0.422062,0.760946149974836,0.415612,0.765273311897106
0.44948,0.801169590643275,0.423624,0.762455963764469,0.417224,0.767282958199357
0.45097,0.805555555555556,0.425186,0.764469048817312,0.418836,0.768488745980707
0.45246,0.805555555555556,0.426748,0.766985405133367,0.420448,0.769292604501608
0.45395,0.809941520467836,0.42831,0.768495218923,0.42206,0.771302250803859
0.45544,0.812865497076023,0.429872,0.771011575239054,0.423672,0.773713826366559
0.45693,0.812865497076023,0.431434,0.773527931555108,0.425284,0.77572347266881
0.45842,0.812865497076023,0.432996,0.776044287871163,0.426896,0.777733118971061
0.45991,0.814327485380117,0.434558,0.777050830397584,0.428508,0.778938906752412
0.4614,0.815789473684211,0.43612,0.779063915450428,0.43012,0.779742765273312
0.46289,0.815789473684211,0.437682,0.780070457976849,0.431732,0.782154340836013
0.46438,0.820175438596491,0.439244,0.781580271766482,0.433344,0.783762057877814
0.46587,0.823099415204678,0.440806,0.783593356819326,0.434956,0.787379421221865
0.46736,0.823099415204678,0.442368,0.784599899345747,0.436568,0.790192926045016
0.46885,0.823099415204678,0.44393,0.78610971313538,0.43818,0.792604501607717
0.47034,0.824561403508772,0.445492,0.787619526925013,0.439792,0.796623794212219
0.47183,0.824561403508772,0.447054,0.789129340714645,0.441404,0.798231511254019
0.47332,0.824561403508772,0.448616,0.7916456970307,0.443016,0.802250803858521
0.47481,0.827485380116959,0.450178,0.792652239557121,0.444628,0.805064308681672
0.4763,0.828947368421053,0.45174,0.793658782083543,0.44624,0.807475884244373
0.47779,0.834795321637427,0.453302,0.796175138399597,0.447852,0.811093247588424
0.47928,0.834795321637427,0.454864,0.798691494715652,0.449464,0.814710610932476
0.48077,0.83625730994152,0.456426,0.800704579768495,0.451076,0.815916398713826
0.48226,0.83625730994152,0.457988,0.802214393558128,0.452688,0.817122186495177
0.48375,0.83625730994152,0.45955,0.805234021137393,0.4543,0.819131832797428
0.48524,0.83625730994152,0.461112,0.808253648716658,0.455912,0.819533762057878
0.48673,0.83625730994152,0.462674,0.810770005032713,0.457524,0.821543408360129
0.48822,0.837719298245614,0.464236,0.811273276295923,0.459136,0.823553054662379
0.48971,0.837719298245614,0.465798,0.811776547559134,0.460748,0.82596463022508
0.4912,0.837719298245614,0.46736,0.812279818822345,0.46236,0.827974276527331
0.49269,0.840643274853801,0.468922,0.813789632611978,0.463972,0.830385852090032
0.49418,0.842105263157895,0.470484,0.8147961751384,0.465584,0.832797427652733
0.49567,0.843567251461988,0.472046,0.816305988928032,0.467196,0.833601286173633
0.49716,0.845029239766082,0.473608,0.818319073980876,0.468808,0.836012861736334
0.49865,0.847953216374269,0.47517,0.819828887770508,0.47042,0.837620578778135
0.50014,0.849415204678363,0.476732,0.821841972823352,0.472032,0.839630225080386
0.50163,0.850877192982456,0.478294,0.823351786612984,0.473644,0.840836012861736
0.50312,0.850877192982456,0.479856,0.824358329139406,0.475256,0.841237942122186
0.50461,0.85233918128655,0.481418,0.825868142929039,0.476868,0.843649517684887
0.5061,0.853801169590643,0.48298,0.826874685455461,0.47848,0.844855305466238
0.50759,0.853801169590643,0.484542,0.826874685455461,0.480092,0.846463022508039
0.50908,0.858187134502924,0.486104,0.828384499245093,0.481704,0.847266881028939
0.51057,0.859649122807018,0.487666,0.830397584297937,0.483316,0.84927652733119
0.51206,0.866959064327485,0.489228,0.831404126824358,0.484928,0.85048231511254
0.51355,0.866959064327485,0.49079,0.831404126824358,0.48654,0.852090032154341
0.51504,0.866959064327485,0.492352,0.831907398087569,0.488152,0.855305466237942
0.51653,0.866959064327485,0.493914,0.833417211877202,0.489764,0.855707395498392
0.51802,0.869883040935672,0.495476,0.833920483140413,0.491376,0.856511254019293
0.51951,0.871345029239766,0.497038,0.834423754403624,0.492988,0.857717041800643
0.521,0.87280701754386,0.4986,0.836436839456467,0.4946,0.859324758842444
0.52249,0.87280701754386,0.500162,0.8379466532461,0.496212,0.860530546623794
0.52398,0.87719298245614,0.501724,0.840463009562154,0.497824,0.861334405144695
0.52547,0.87719298245614,0.503286,0.842476094614998,0.499436,0.862138263665595
0.52696,0.880116959064328,0.504848,0.843482637141419,0.501048,0.862540192926045
0.52845,0.881578947368421,0.50641,0.844992450931052,0.50266,0.864147909967846
0.52994,0.884502923976608,0.507972,0.846502264720684,0.504272,0.867363344051447
0.53143,0.884502923976608,0.509534,0.847508807247106,0.505884,0.868569131832797
0.53292,0.885964912280702,0.511096,0.848515349773528,0.507496,0.869774919614148
0.53441,0.885964912280702,0.512658,0.84952189229995,0.509108,0.869774919614148
0.5359,0.887426900584795,0.51422,0.85002516356316,0.51072,0.870578778135048
0.53739,0.890350877192982,0.515782,0.851534977352793,0.512332,0.872990353697749
0.53888,0.890350877192982,0.517344,0.851534977352793,0.513944,0.8741961414791
0.54037,0.890350877192982,0.518906,0.852038248616004,0.515556,0.8741961414791
0.54186,0.89327485380117,0.520468,0.852541519879215,0.517168,0.875
0.54335,0.89327485380117,0.52203,0.853548062405637,0.51878,0.8758038585209
0.54484,0.894736842105263,0.523592,0.854554604932058,0.520392,0.877009646302251
0.54633,0.896198830409357,0.525154,0.857070961248113,0.522004,0.877813504823151
0.54782,0.896198830409357,0.526716,0.859084046300956,0.523616,0.879019292604502
0.54931,0.89766081871345,0.528278,0.859587317564167,0.525228,0.880225080385852
0.5508,0.89766081871345,0.52984,0.860090588827378,0.52684,0.881028938906752
0.55229,0.900584795321637,0.531402,0.862606945143432,0.528452,0.882636655948553
0.55378,0.903508771929825,0.532964,0.863110216406643,0.530064,0.884244372990354
0.55527,0.903508771929825,0.534526,0.864620030196276,0.531676,0.885048231511254
0.55676,0.903508771929825,0.536088,0.865626572722697,0.533288,0.886254019292605
0.55825,0.903508771929825,0.53765,0.866633115249119,0.5349,0.888263665594855
0.55974,0.904970760233918,0.539212,0.868646200301963,0.536512,0.888665594855305
0.56123,0.906432748538012,0.540774,0.871162556618017,0.538124,0.890675241157556
0.56272,0.909356725146199,0.542336,0.871665827881228,0.539736,0.892684887459807
0.56421,0.909356725146199,0.543898,0.872169099144439,0.541348,0.895498392282958
0.5657,0.910818713450292,0.54546,0.873678912934072,0.54296,0.896704180064309
0.56719,0.91374269005848,0.547022,0.876698540513337,0.544572,0.89951768488746
0.56868,0.916666666666667,0.548584,0.877705083039758,0.546184,0.902331189710611
0.57017,0.919590643274854,0.550146,0.87871162556618,0.547796,0.903536977491961
0.57166,0.925438596491228,0.551708,0.880221439355813,0.549408,0.905546623794212
0.57315,0.925438596491228,0.55327,0.882234524408656,0.55102,0.906350482315113
0.57464,0.929824561403509,0.554832,0.883744338198289,0.552632,0.907958199356913
0.57613,0.932748538011696,0.556394,0.887267237040765,0.554244,0.910369774919614
0.57762,0.934210526315789,0.557956,0.888777050830398,0.555856,0.911173633440514
0.57911,0.935672514619883,0.559518,0.890790135883241,0.557468,0.912781350482315
0.5806,0.937134502923977,0.56108,0.893306492199295,0.55908,0.913585209003215
0.58209,0.93859649122807,0.562642,0.895319577252139,0.560692,0.915192926045016
0.58358,0.940058479532164,0.564204,0.89582284851535,0.562304,0.916800643086817
0.58507,0.942982456140351,0.565766,0.898339204831404,0.563916,0.918810289389068
0.58656,0.945906432748538,0.567328,0.900855561147458,0.565528,0.922025723472669
0.58805,0.945906432748538,0.56889,0.903875188726724,0.56714,0.92443729903537
0.58954,0.947368421052632,0.570452,0.906894816305989,0.568752,0.92604501607717
0.59103,0.948830409356725,0.572014,0.910417715148465,0.570364,0.929260450160772
0.59252,0.948830409356725,0.573576,0.91343734272773,0.571976,0.932073954983923
0.59401,0.950292397660819,0.575138,0.918470055359839,0.573588,0.933279742765273
0.5955,0.951754385964912,0.5767,0.920986411675893,0.5752,0.937299035369775
0.59699,0.953216374269006,0.578262,0.924006039255159,0.576812,0.942122186495177
0.59848,0.954678362573099,0.579824,0.926522395571213,0.578424,0.944131832797428
0.59997,0.956140350877193,0.581386,0.929542023150478,0.580036,0.95016077170418
0.60146,0.956140350877193,0.582948,0.931555108203322,0.581648,0.954581993569132
0.60295,0.956140350877193,0.58451,0.935078007045798,0.58326,0.957797427652733
0.60444,0.956140350877193,0.586072,0.936084549572219,0.584872,0.960610932475884
0.60593,0.956140350877193,0.587634,0.940110719677906,0.586484,0.963826366559486
0.60742,0.957602339181287,0.589196,0.941117262204328,0.588096,0.965032154340836
0.60891,0.957602339181287,0.590758,0.94212380473075,0.589708,0.966639871382637
0.6104,0.957602339181287,0.59232,0.944136889783593,0.59132,0.967041800643087
0.61189,0.95906432748538,0.593882,0.944640161046804,0.592932,0.967845659163987
0.61338,0.95906432748538,0.595444,0.946149974836437,0.594544,0.968649517684887
0.61487,0.95906432748538,0.597006,0.94816305988928,0.596156,0.969051446945338
0.61636,0.960526315789474,0.598568,0.949169602415702,0.597768,0.970257234726688
0.61785,0.960526315789474,0.60013,0.949672873678913,0.59938,0.971061093247588
0.61934,0.960526315789474,0.601692,0.950679416205335,0.600992,0.971463022508039
0.62083,0.963450292397661,0.603254,0.953195772521389,0.602604,0.971864951768489
0.62232,0.963450292397661,0.604816,0.9536990437846,0.604216,0.972266881028939
0.62381,0.963450292397661,0.606378,0.954705586311022,0.605828,0.973070739549839
0.6253,0.963450292397661,0.60794,0.956215400100654,0.60744,0.973070739549839
0.62679,0.963450292397661,0.609502,0.956215400100654,0.609052,0.973070739549839
0.62828,0.963450292397661,0.611064,0.957725213890287,0.610664,0.973472668810289
0.62977,0.963450292397661,0.612626,0.961248112732763,0.612276,0.97387459807074
0.63126,0.963450292397661,0.614188,0.961751383995974,0.613888,0.97427652733119
0.63275,0.963450292397661,0.61575,0.961751383995974,0.6155,0.97427652733119
0.63424,0.963450292397661,0.617312,0.962254655259185,0.617112,0.97427652733119
0.63573,0.964912280701754,0.618874,0.962757926522396,0.618724,0.97427652733119
0.63722,0.964912280701754,0.620436,0.962757926522396,0.620336,0.97548231511254
0.63871,0.964912280701754,0.621998,0.963261197785606,0.621948,0.976286173633441
0.6402,0.964912280701754,0.62356,0.963764469048817,0.62356,0.976286173633441
0.64169,0.967836257309941,0.625122,0.964267740312028,0.625172,0.977090032154341
0.64318,0.967836257309941,0.626684,0.964771011575239,0.626784,0.977090032154341
0.64467,0.967836257309941,0.628246,0.96527428283845,0.628396,0.977491961414791
0.64616,0.967836257309941,0.629808,0.965777554101661,0.630008,0.977893890675241
0.64765,0.967836257309941,0.63137,0.966280825364872,0.63162,0.977893890675241
0.64914,0.967836257309941,0.632932,0.966280825364872,0.633232,0.977893890675241
0.65063,0.967836257309941,0.634494,0.966280825364872,0.634844,0.977893890675241
0.65212,0.967836257309941,0.636056,0.966784096628083,0.636456,0.978697749196141
0.65361,0.969298245614035,0.637618,0.967790639154504,0.638068,0.978697749196141
0.6551,0.969298245614035,0.63918,0.968293910417715,0.63968,0.979099678456592
0.65659,0.969298245614035,0.640742,0.969300452944137,0.641292,0.979903536977492
0.65808,0.969298245614035,0.642304,0.969803724207348,0.642904,0.979903536977492
0.65957,0.969298245614035,0.643866,0.969803724207348,0.644516,0.980707395498392
0.66106,0.970760233918129,0.645428,0.970306995470559,0.646128,0.980707395498392
0.66255,0.970760233918129,0.64699,0.970810266733769,0.64774,0.981109324758842
0.66404,0.972222222222222,0.648552,0.97131353799698,0.649352,0.981913183279743
0.66553,0.972222222222222,0.650114,0.97131353799698,0.650964,0.981913183279743
0.66702,0.972222222222222,0.651676,0.971816809260191,0.652576,0.981913183279743
0.66851,0.972222222222222,0.653238,0.971816809260191,0.654188,0.982717041800643
0.67,0.973684210526316,0.6548,0.972320080523402,0.6558,0.982717041800643
0.67149,0.973684210526316,0.656362,0.972823351786613,0.657412,0.983118971061093
0.67298,0.973684210526316,0.657924,0.972823351786613,0.659024,0.983118971061093
0.67447,0.973684210526316,0.659486,0.972823351786613,0.660636,0.983118971061093
0.67596,0.973684210526316,0.661048,0.973326623049824,0.662248,0.983520900321543
0.67745,0.973684210526316,0.66261,0.974333165576246,0.66386,0.983922829581994
0.67894,0.973684210526316,0.664172,0.976346250629089,0.665472,0.984726688102894
0.68043,0.973684210526316,0.665734,0.9768495218923,0.667084,0.985128617363344
0.68192,0.975146198830409,0.667296,0.977352793155511,0.668696,0.985530546623794
0.68341,0.975146198830409,0.668858,0.978359335681933,0.670308,0.986334405144695
0.6849,0.975146198830409,0.67042,0.978359335681933,0.67192,0.987138263665595
0.68639,0.975146198830409,0.671982,0.978862606945143,0.673532,0.987138263665595
0.68788,0.975146198830409,0.673544,0.979869149471565,0.675144,0.987540192926045
0.68937,0.975146198830409,0.675106,0.979869149471565,0.676756,0.987540192926045
0.69086,0.975146198830409,0.676668,0.979869149471565,0.678368,0.987942122186495
0.69235,0.978070175438597,0.67823,0.979869149471565,0.67998,0.987942122186495
0.69384,0.97953216374269,0.679792,0.979869149471565,0.681592,0.988745980707395
0.69533,0.980994152046784,0.681354,0.980875691997987,0.683204,0.988745980707395
0.69682,0.980994152046784,0.682916,0.980875691997987,0.684816,0.988745980707395
0.69831,0.980994152046784,0.684478,0.981378963261198,0.686428,0.988745980707395
0.6998,0.980994152046784,0.68604,0.981882234524409,0.68804,0.988745980707395
0.70129,0.982456140350877,0.687602,0.981882234524409,0.689652,0.988745980707395
0.70278,0.982456140350877,0.689164,0.98288877705083,0.691264,0.988745980707395
0.70427,0.982456140350877,0.690726,0.98288877705083,0.692876,0.989951768488746
0.70576,0.982456140350877,0.692288,0.983392048314041,0.694488,0.989951768488746
0.70725,0.982456140350877,0.69385,0.983895319577252,0.6961,0.990755627009646
0.70874,0.982456140350877,0.695412,0.984901862103674,0.697712,0.990755627009646
0.71023,0.982456140350877,0.696974,0.985405133366885,0.699324,0.990755627009646
0.71172,0.982456140350877,0.698536,0.985405133366885,0.700936,0.990755627009646
0.71321,0.982456140350877,0.700098,0.985405133366885,0.702548,0.990755627009646
0.7147,0.982456140350877,0.70166,0.985908404630096,0.70416,0.991559485530547
0.71619,0.982456140350877,0.703222,0.985908404630096,0.705772,0.991961414790997
0.71768,0.982456140350877,0.704784,0.985908404630096,0.707384,0.991961414790997
0.71917,0.982456140350877,0.706346,0.985908404630096,0.708996,0.991961414790997
0.72066,0.982456140350877,0.707908,0.985908404630096,0.710608,0.991961414790997
0.72215,0.982456140350877,0.70947,0.986914947156517,0.71222,0.991961414790997
0.72364,0.982456140350877,0.711032,0.986914947156517,0.713832,0.992363344051447
0.72513,0.982456140350877,0.712594,0.987418218419728,0.715444,0.992363344051447
0.72662,0.982456140350877,0.714156,0.987921489682939,0.717056,0.992363344051447
0.72811,0.983918128654971,0.715718,0.988928032209361,0.718668,0.992363344051447
0.7296,0.983918128654971,0.71728,0.988928032209361,0.72028,0.992363344051447
0.73109,0.985380116959064,0.718842,0.989431303472572,0.721892,0.992363344051447
0.73258,0.985380116959064,0.720404,0.989431303472572,0.723504,0.992765273311897
0.73407,0.986842105263158,0.721966,0.989431303472572,0.725116,0.992765273311897
0.73556,0.986842105263158,0.723528,0.989934574735783,0.726728,0.992765273311897
0.73705,0.986842105263158,0.72509,0.989934574735783,0.72834,0.992765273311897
0.73854,0.986842105263158,0.726652,0.989934574735783,0.729952,0.992765273311897
0.74003,0.986842105263158,0.728214,0.989934574735783,0.731564,0.992765273311897
0.74152,0.986842105263158,0.729776,0.989934574735783,0.733176,0.992765273311897
0.74301,0.986842105263158,0.731338,0.989934574735783,0.734788,0.992765273311897
0.7445,0.986842105263158,0.7329,0.990437845998993,0.7364,0.992765273311897
0.74599,0.986842105263158,0.734462,0.990941117262204,0.738012,0.992765273311897
0.74748,0.986842105263158,0.736024,0.990941117262204,0.739624,0.993167202572347
0.74897,0.986842105263158,0.737586,0.990941117262204,0.741236,0.993569131832797
0.75046,0.986842105263158,0.739148,0.990941117262204,0.742848,0.993569131832797
0.75195,0.986842105263158,0.74071,0.991444388525415,0.74446,0.993569131832797
0.75344,0.986842105263158,0.742272,0.991444388525415,0.746072,0.993569131832797
0.75493,0.986842105263158,0.743834,0.991444388525415,0.747684,0.993569131832797
0.75642,0.986842105263158,0.745396,0.991444388525415,0.749296,0.993569131832797
0.75791,0.986842105263158,0.746958,0.991947659788626,0.750908,0.993971061093248
0.7594,0.986842105263158,0.74852,0.992954202315048,0.75252,0.993971061093248
0.76089,0.986842105263158,0.750082,0.992954202315048,0.754132,0.993971061093248
0.76238,0.986842105263158,0.751644,0.993457473578259,0.755744,0.993971061093248
0.76387,0.986842105263158,0.753206,0.99396074484147,0.757356,0.993971061093248
0.76536,0.986842105263158,0.754768,0.99396074484147,0.758968,0.993971061093248
0.76685,0.988304093567251,0.75633,0.99446401610468,0.76058,0.993971061093248
0.76834,0.989766081871345,0.757892,0.994967287367891,0.762192,0.993971061093248
0.76983,0.989766081871345,0.759454,0.995470558631102,0.763804,0.993971061093248
0.77132,0.989766081871345,0.761016,0.995470558631102,0.765416,0.993971061093248
0.77281,0.989766081871345,0.762578,0.995470558631102,0.767028,0.993971061093248
0.7743,0.989766081871345,0.76414,0.996477101157524,0.76864,0.993971061093248
0.77579,0.989766081871345,0.765702,0.996477101157524,0.770252,0.993971061093248
0.77728,0.991228070175439,0.767264,0.996477101157524,0.771864,0.994372990353698
0.77877,0.991228070175439,0.768826,0.996477101157524,0.773476,0.994372990353698
0.78026,0.992690058479532,0.770388,0.996477101157524,0.775088,0.994372990353698
0.78175,0.992690058479532,0.77195,0.996980372420735,0.7767,0.994774919614148
0.78324,0.992690058479532,0.773512,0.996980372420735,0.778312,0.995980707395498
0.78473,0.992690058479532,0.775074,0.996980372420735,0.779924,0.995980707395498
0.78622,0.994152046783626,0.776636,0.996980372420735,0.781536,0.995980707395498
0.78771,0.994152046783626,0.778198,0.996980372420735,0.783148,0.996784565916399
0.7892,0.994152046783626,0.77976,0.996980372420735,0.78476,0.996784565916399
0.79069,0.994152046783626,0.781322,0.996980372420735,0.786372,0.996784565916399
0.79218,0.994152046783626,0.782884,0.996980372420735,0.787984,0.996784565916399
0.79367,0.995614035087719,0.784446,0.996980372420735,0.789596,0.996784565916399
0.79516,0.997076023391813,0.786008,0.996980372420735,0.791208,0.996784565916399
0.79665,0.997076023391813,0.78757,0.997483643683946,0.79282,0.996784565916399
0.79814,0.997076023391813,0.789132,0.997483643683946,0.794432,0.996784565916399
0.79963,0.997076023391813,0.790694,0.997483643683946,0.796044,0.997186495176849
0.80112,0.997076023391813,0.792256,0.997483643683946,0.797656,0.997186495176849
0.80261,0.997076023391813,0.793818,0.997483643683946,0.799268,0.997186495176849
0.8041,0.998538011695906,0.79538,0.997483643683946,0.80088,0.997186495176849
0.80559,0.998538011695906,0.796942,0.997483643683946,0.802492,0.997186495176849
0.80708,0.998538011695906,0.798504,0.997483643683946,0.804104,0.997588424437299
0.80857,0.998538011695906,0.800066,0.997986914947157,0.805716,0.997588424437299
0.81006,0.998538011695906,0.801628,0.997986914947157,0.807328,0.997588424437299
0.81155,0.998538011695906,0.80319,0.998490186210367,0.80894,0.998392282958199
0.81304,0.998538011695906,0.804752,0.998993457473578,0.810552,0.99879421221865
0.81453,0.998538011695906,0.806314,0.999496728736789,0.812164,0.9991961414791
0.81602,0.998538011695906,0.807876,0.999496728736789,0.813776,0.9991961414791
0.81751,0.998538011695906,0.809438,0.999496728736789,0.815388,0.99959807073955
0.819,1,0.811,1,0.817,1
