angle (degrees), phi0 (GPa), data points (degrees) phi0 (GPa) 
0,0.1
0.001,0.105492808590258,14,1.3 
0.002,0.110980607408834,19,1.6
0.003,0.116463399285357,22,1.25
0.004,0.121941187049456,25,0.98
0.005,0.12741397353076,28,0.8
0.006,0.132881761558898,31,0.7
0.007,0.138344553963501,34,0.65
0.008,0.143802353574196,38,0.85
0.009,0.149255163220612,50.5,0.4
0.01,0.15470298573238,53,2.8
0.011,0.160145823939128,57,0.3
0.012,0.165583680670486,59.6,0.35
0.013,0.171016558756082,63,0.45
0.014,0.176444461025546,64,0.48
0.015,0.181867390308506,68,0.55
0.016,0.187285349434593,71,0.48
0.017,0.192698341233435,74,0.5
0.018,0.198106368534661,77,0.4
0.019,0.203509434167901,79.5,0.25
0.02,0.208907540962783,81,0.23
0.021,0.214300691748938,83,0.15
0.022,0.219688889355993,85,0.1
0.023,0.225072136613578
0.024,0.230450436351323
0.025,0.235823791398856
0.026,0.241192204585807
0.027,0.246555678741805
0.028,0.251914216696479
0.029,0.257267821279458
0.03,0.262616495320371
0.031,0.267960241648847
0.032,0.273299063094516
0.033,0.278632962487007
0.034,0.283961942655949
0.035,0.289286006430971
0.036,0.294605156641702
0.037,0.299919396117772
0.038,0.305228727688809
0.039,0.310533154184443
0.04,0.315832678434303
0.041,0.321127303268018
0.042,0.326417031515217
0.043,0.33170186600553
0.044,0.336981809568585
0.045,0.342256865034012
0.046,0.347527035231439
0.047,0.352792322990497
0.048,0.358052731140814
0.049,0.363308262512019
0.05,0.368558919933742
0.051,0.373804706235611
0.052,0.379045624247257
0.053,0.384281676798307
0.054,0.389512866718392
0.055,0.394739196837139
0.056,0.39996066998418
0.057,0.405177288989141
0.058,0.410389056681654
0.059,0.415595975891347
0.06,0.420798049447849
0.061,0.425995280180789
0.062,0.431187670919796
0.063,0.436375224494501
0.064,0.441557943734531
0.065,0.446735831469515
0.066,0.451908890529084
0.067,0.457077123742867
0.068,0.462240533940491
0.069,0.467399123951587
0.07,0.472552896605784
0.071,0.477701854732711
0.072,0.482846001161997
0.073,0.487985338723271
0.074,0.493119870246163
0.075,0.498249598560301
0.076,0.503374526495315
0.077,0.508494656880833
0.078,0.513609992546486
0.079,0.518720536321902
0.08,0.52382629103671
0.081,0.52892725952054
0.082,0.534023444603021
0.083,0.539114849113781
0.084,0.54420147588245
0.085,0.549283327738657
0.086,0.554360407512032
0.087,0.559432718032203
0.088,0.5645002621288
0.089,0.569563042631452
0.09,0.574621062369788
0.091,0.579674324173436
0.092,0.584722830872027
0.093,0.58976658529519
0.094,0.594805590272553
0.095,0.599839848633746
0.096,0.604869363208398
0.097,0.609894136826137
0.098,0.614914172316595
0.099,0.619929472509398
0.1,0.624940040234178
0.101,0.629945878320561
0.102,0.634946989598179
0.103,0.63994337689666
0.104,0.644935043045633
0.105,0.649921990874728
0.106,0.654904223213573
0.107,0.659881742891797
0.108,0.664854552739031
0.109,0.669822655584903
0.11,0.674786054259041
0.111,0.679744751591076
0.112,0.684698750410637
0.113,0.689648053547352
0.114,0.694592663830852
0.115,0.699532584090764
0.116,0.704467817156718
0.117,0.709398365858344
0.118,0.71432423302527
0.119,0.719245421487126
0.12,0.72416193407354
0.121,0.729073773614143
0.122,0.733980942938562
0.123,0.738883444876428
0.124,0.74378128225737
0.125,0.748674457911016
0.126,0.753562974666995
0.127,0.758446835354938
0.128,0.763326042804473
0.129,0.768200599845229
0.13,0.773070509306836
0.131,0.777935774018921
0.132,0.782796396811116
0.133,0.787652380513049
0.134,0.792503727954349
0.135,0.797350441964645
0.136,0.802192525373566
0.137,0.807029981010742
0.138,0.811862811705801
0.139,0.816691020288374
0.14,0.821514609588088
0.141,0.826333582434574
0.142,0.83114794165746
0.143,0.835957690086376
0.144,0.84076283055095
0.145,0.845563365880812
0.146,0.850359298905591
0.147,0.855150632454916
0.148,0.859937369358416
0.149,0.864719512445721
0.15,0.86949706454646
0.151,0.874270028490261
0.152,0.879038407106754
0.153,0.883802203225569
0.154,0.888561419676334
0.155,0.893316059288678
0.156,0.898066124892231
0.157,0.902811619316621
0.158,0.907552545391479
0.159,0.912288905946433
0.16,0.917020703811111
0.161,0.921747941815145
0.162,0.926470622788162
0.163,0.931188749559791
0.164,0.935902324959663
0.165,0.940611351817405
0.166,0.945315832962648
0.167,0.95001577122502
0.168,0.954711169434151
0.169,0.959402030419669
0.17,0.964088357011204
0.171,0.968770152038385
0.172,0.973447418330842
0.173,0.978120158718203
0.174,0.982788376030097
0.175,0.987452073096154
0.176,0.992111252746003
0.177,0.996765917809272
0.178,1.00141607111559
0.179,1.00606171549459
0.18,1.0107028537759
0.181,1.01533948878915
0.182,1.01997162336396
0.183,1.02459926032997
0.184,1.0292224025168
0.185,1.03384105275409
0.186,1.03845521387146
0.187,1.04306488869854
0.188,1.04767008006497
0.189,1.05227079080036
0.19,1.05686702373436
0.191,1.06145878169658
0.192,1.06604606751667
0.193,1.07062888402424
0.194,1.07520723404893
0.195,1.07978112042036
0.196,1.08435054596817
0.197,1.08891551352199
0.198,1.09347602591143
0.199,1.09803208596614
0.2,1.10258369651574
0.201,1.10713086038986
0.202,1.11167358041814
0.203,1.11621185943019
0.204,1.12074570025565
0.205,1.12527510572414
0.206,1.12980007866531
0.207,1.13432062190877
0.208,1.13883673828415
0.209,1.14334843062109
0.21,1.14785570174921
0.211,1.15235855449815
0.212,1.15685699169752
0.213,1.16135101617697
0.214,1.16584063076612
0.215,1.17032583829459
0.216,1.17480664159203
0.217,1.17928304348805
0.218,1.18375504681229
0.219,1.18822265439437
0.22,1.19268586906393
0.221,1.19714469365059
0.222,1.20159913098399
0.223,1.20604918389375
0.224,1.2104948552095
0.225,1.21493614776087
0.226,1.21937306437749
0.227,1.22380560788899
0.228,1.228233781125
0.229,1.23265758691514
0.23,1.23707702808906
0.231,1.24149210747636
0.232,1.2459028279067
0.233,1.25030919220968
0.234,1.25471120321495
0.235,1.25910886375214
0.236,1.26350217665086
0.237,1.26789114474075
0.238,1.27227577085145
0.239,1.27665605781257
0.24,1.28103200845375
0.241,1.28540362560462
0.242,1.28977091209481
0.243,1.29413387075394
0.244,1.29849250441164
0.245,1.30286001334782
0.246,1.30727999539818
0.247,1.31175348529548
0.248,1.31627776645767
0.249,1.32085012230267
0.25,1.32546783624841
0.251,1.33012819171282
0.252,1.33482847211384
0.253,1.3395659608694
0.254,1.34433794139742
0.255,1.34914169711583
0.256,1.35397451144257
0.257,1.35883366779557
0.258,1.36371644959275
0.259,1.36862014025205
0.26,1.3735420231914
0.261,1.37847938182873
0.262,1.38342949958197
0.263,1.38838965986904
0.264,1.39335714610789
0.265,1.39832924171644
0.266,1.40330323011262
0.267,1.40827639471436
0.268,1.41324601893959
0.269,1.41820938620624
0.27,1.42316377993225
0.271,1.42810648353554
0.272,1.43303478043405
0.273,1.4379459540457
0.274,1.44283728778843
0.275,1.44770606508016
0.276,1.45254956933883
0.277,1.45736508398236
0.278,1.4621498924287
0.279,1.46690127809576
0.28,1.47161652440148
0.281,1.47629291476379
0.282,1.48092773260061
0.283,1.48551826132989
0.284,1.49006178436955
0.285,1.49455558513752
0.286,1.49899694705173
0.287,1.50338315353011
0.288,1.50771148799059
0.289,1.51197923385111
0.29,1.51618367452959
0.291,1.52032209344397
0.292,1.52439177401217
0.293,1.52838999965212
0.294,1.53231405378176
0.295,1.53616121981902
0.296,1.53992878118182
0.297,1.5436140212881
0.298,1.54721422355579
0.299,1.55072667140282
0.3,1.55414864824711
0.301,1.55747743750661
0.302,1.56071032259923
0.303,1.56384458694292
0.304,1.56687751395559
0.305,1.56980638705519
0.306,1.57262848965964
0.307,1.57534110518687
0.308,1.57794151705481
0.309,1.5804270086814
0.31,1.58279486348456
0.311,1.58504236488223
0.312,1.58716679629233
0.313,1.58916544113279
0.314,1.59103558282155
0.315,1.59277450477654
0.316,1.59437949041569
0.317,1.59584782315692
0.318,1.59717678641817
0.319,1.59836366361737
0.32,1.59940573817245
0.321,1.60030029350133
0.322,1.60104461302196
0.323,1.60163598015226
0.324,1.60207167831016
0.325,1.60234899091359
0.326,1.60246520138048
0.327,1.60241759312877
0.328,1.60220344957638
0.329,1.60182005414124
0.33,1.60126469024129
0.331,1.60053464129445
0.332,1.59960489398768
0.333,1.59825931687642
0.334,1.59645589036775
0.335,1.59420942519131
0.336,1.59153473207673
0.337,1.58844662175362
0.338,1.58495990495162
0.339,1.58108939240035
0.34,1.57684989482945
0.341,1.57225622296853
0.342,1.56732318754723
0.343,1.56206559929517
0.344,1.55649826894197
0.345,1.55063600721727
0.346,1.54449362485069
0.347,1.53808593257186
0.348,1.53142774111041
0.349,1.52453386119595
0.35,1.51741910355813
0.351,1.51009827892656
0.352,1.50258619803087
0.353,1.49489767160069
0.354,1.48704751036565
0.355,1.47905052505536
0.356,1.47092152639947
0.357,1.46267532512759
0.358,1.45432673196936
0.359,1.4458905576544
0.36,1.43738161291233
0.361,1.42881470847278
0.362,1.42020465506539
0.363,1.41156626341977
0.364,1.40291434426555
0.365,1.39426370833237
0.366,1.38562916634984
0.367,1.3770255290476
0.368,1.36846760715526
0.369,1.35997021140246
0.37,1.35154815251883
0.371,1.34321624123399
0.372,1.33498928827757
0.373,1.32688210437919
0.374,1.31890950026848
0.375,1.31108628667507
0.376,1.30342727432858
0.377,1.29594727395865
0.378,1.28866109629489
0.379,1.28158355206694
0.38,1.27472945200443
0.381,1.26811360683697
0.382,1.26175082729419
0.383,1.25565592410573
0.384,1.24984359416116
0.385,1.24416840553384
0.386,1.23849208249341
0.387,1.23281589754661
0.388,1.22714112320013
0.389,1.22146903196072
0.39,1.21580089633508
0.391,1.21013798882992
0.392,1.20448158195198
0.393,1.19883294820797
0.394,1.19319336010461
0.395,1.18756409014862
0.396,1.18194641084671
0.397,1.1763415947056
0.398,1.17075091423202
0.399,1.16517564193268
0.4,1.1596170503143
0.401,1.1540764118836
0.402,1.1485549991473
0.403,1.14305408461211
0.404,1.13757494078476
0.405,1.13211884017197
0.406,1.12668705528045
0.407,1.12128085861692
0.408,1.1159015226881
0.409,1.11055032000072
0.41,1.10522852306148
0.411,1.0999374043771
0.412,1.09467823645432
0.413,1.08945229179983
0.414,1.08426084292037
0.415,1.07910516232266
0.416,1.0739865225134
0.417,1.06890619599932
0.418,1.06386545528715
0.419,1.05886557288359
0.42,1.05390782129536
0.421,1.04899347302919
0.422,1.04412380059179
0.423,1.03930007648989
0.424,1.03452357323019
0.425,1.02979556331943
0.426,1.02511731926431
0.427,1.02049011357157
0.428,1.0159152187479
0.429,1.01139390730004
0.43,1.00692745173471
0.431,1.00251712455862
0.432,0.998164198278485
0.433,0.993869945401033
0.434,0.98963563843298
0.435,0.985462549881044
0.436,0.981351952251943
0.437,0.977292042267382
0.438,0.973241636839805
0.439,0.969198538421932
0.44,0.965163784176968
0.441,0.961138411268119
0.442,0.957123456858589
0.443,0.953119958111584
0.444,0.949128952190309
0.445,0.945151476257968
0.446,0.941188567477767
0.447,0.937241263012912
0.448,0.933310600026606
0.449,0.929397615682056
0.45,0.925503347142465
0.451,0.92162883157104
0.452,0.917775106130986
0.453,0.913943207985507
0.454,0.910134174297808
0.455,0.906349042231096
0.456,0.902588848948574
0.457,0.898854631613448
0.458,0.895147427388922
0.459,0.891468273438203
0.46,0.887818206924495
0.461,0.884198265011003
0.462,0.880609484860933
0.463,0.877052903637489
0.464,0.873529558503876
0.465,0.8700404866233
0.466,0.866586725158965
0.467,0.863169311274077
0.468,0.859789282131841
0.469,0.856447674895462
0.47,0.853145526728145
0.471,0.849883874793095
0.472,0.846663756253517
0.473,0.843486208272616
0.474,0.840352268013598
0.475,0.837262972639667
0.476,0.834219359314029
0.477,0.831222465199888
0.478,0.82827332746045
0.479,0.825372983258919
0.48,0.822522469758502
0.481,0.819722824122402
0.482,0.816975083513825
0.483,0.814280285095977
0.484,0.811639466032062
0.485,0.809053663485285
0.486,0.806523914618851
0.487,0.804051256595966
0.488,0.801636726579834
0.489,0.799279282014577
0.49,0.796948368565925
0.491,0.794633578086489
0.492,0.792334938872781
0.493,0.79005247922131
0.494,0.787786227428587
0.495,0.785536211791124
0.496,0.78330246060543
0.497,0.781085002168016
0.498,0.778883864775394
0.499,0.776699076724073
0.5,0.774530666310564
0.501,0.772378661831379
0.502,0.770243091583027
0.503,0.76812398386202
0.504,0.766021366964867
0.505,0.763935269188081
0.506,0.76186571882817
0.507,0.759812744181647
0.508,0.757776373545022
0.509,0.755756635214805
0.51,0.753753557487507
0.511,0.751767168659639
0.512,0.749797497027711
0.513,0.747844570888235
0.514,0.74590841853772
0.515,0.743989068272678
0.516,0.742086548389619
0.517,0.740200887185054
0.518,0.738332112955494
0.519,0.736480253997448
0.52,0.734645338607429
0.521,0.732827395081945
0.522,0.731026451717509
0.523,0.729242536810632
0.524,0.727475678657822
0.525,0.725725905555592
0.526,0.723993245800452
0.527,0.722277727688912
0.528,0.720579379517484
0.529,0.718898229582677
0.53,0.717234306181003
0.531,0.715587637608972
0.532,0.713958252163096
0.533,0.712346178139884
0.534,0.710751443835847
0.535,0.709174077547496
0.536,0.707614107571342
0.537,0.706071562203895
0.538,0.704546469741667
0.539,0.703038858481167
0.54,0.701548756718906
0.541,0.700076192751395
0.542,0.698610659207535
0.543,0.697140216927741
0.544,0.695666308331802
0.545,0.694190408280282
0.546,0.692713991633744
0.547,0.691238533252751
0.548,0.689765507997867
0.549,0.688296390729656
0.55,0.68683265630868
0.551,0.685375779595504
0.552,0.68392723545069
0.553,0.682488498734803
0.554,0.681061044308405
0.555,0.679646347032061
0.556,0.678245881766332
0.557,0.676861123371785
0.558,0.67549354670898
0.559,0.674144626638483
0.56,0.672815838020856
0.561,0.671508655716663
0.562,0.670224554586467
0.563,0.668965009490832
0.564,0.667731495290322
0.565,0.666525486845499
0.566,0.665348459016927
0.567,0.664201886665171
0.568,0.663087244650792
0.569,0.662006007834355
0.57,0.660959651076423
0.571,0.659949649237559
0.572,0.658977477178328
0.573,0.658044609759292
0.574,0.657152521841015
0.575,0.656302688284061
0.576,0.655496583948992
0.577,0.654735683696372
0.578,0.654021462386766
0.579,0.653355394880735
0.58,0.652738956038845
0.581,0.652173620721657
0.582,0.651660863789736
0.583,0.651202160103646
0.584,0.650798984523948
0.585,0.650452811911208
0.586,0.650165117125989
0.587,0.649937375028853
0.588,0.649771060480365
0.589,0.649667648341087
0.59,0.649628613471584
0.591,0.649655430732419
0.592,0.649749574984155
0.593,0.649912521087355
0.594,0.650160768712197
0.595,0.650558168913906
0.596,0.651108662371919
0.597,0.651808673764753
0.598,0.652654627770928
0.599,0.653642949068958
0.6,0.654770062337362
0.601,0.656032392254657
0.602,0.65742636349936
0.603,0.658948400749989
0.604,0.660594928685061
0.605,0.662362371983092
0.606,0.664247155322601
0.607,0.666245703382105
0.608,0.668354440840121
0.609,0.670569792375166
0.61,0.672888182665757
0.611,0.675306036390412
0.612,0.677819778227649
0.613,0.680425832855984
0.614,0.683120624953935
0.615,0.685900579200018
0.616,0.688762120272752
0.617,0.691701672850653
0.618,0.69471566161224
0.619,0.697800511236028
0.62,0.700952646400536
0.621,0.704168491784281
0.622,0.707444472065779
0.623,0.710777011923549
0.624,0.714162536036107
0.625,0.717597469081972
0.626,0.721078235739659
0.627,0.724601260687687
0.628,0.728162968604573
0.629,0.731759784168834
0.63,0.735388132058987
0.631,0.739044436953549
0.632,0.742725123531039
0.633,0.746426616469973
0.634,0.750145340448868
0.635,0.753877720146242
0.636,0.757620180240612
0.637,0.761369145410495
0.638,0.765121040334409
0.639,0.768872289690871
0.64,0.772619318158398
0.641,0.776358550415507
0.642,0.780086411140716
0.643,0.783799325012543
0.644,0.787493716709503
0.645,0.791166010910116
0.646,0.794812632292897
0.647,0.798430005536364
0.648,0.802014555319035
0.649,0.805562706319427
0.65,0.809070883216057
0.651,0.812535510687442
0.652,0.815953013412099
0.653,0.819319816068547
0.654,0.822632343335302
0.655,0.825887019890882
0.656,0.829080270413803
0.657,0.832208519582583
0.658,0.83526819207574
0.659,0.838255712571791
0.66,0.841167505749252
0.661,0.843999996286642
0.662,0.846749608862477
0.663,0.849412768155275
0.664,0.851979948745283
0.665,0.85443658464989
0.666,0.856783085548052
0.667,0.859020401524449
0.668,0.86114948266376
0.669,0.863171279050663
0.67,0.865086740769837
0.671,0.866896817905961
0.672,0.868602460543713
0.673,0.870204618767773
0.674,0.871704242662819
0.675,0.873102282313529
0.676,0.874399687804583
0.677,0.87559740922066
0.678,0.876696396646437
0.679,0.877697600166594
0.68,0.87860196986581
0.681,0.879410455828763
0.682,0.880124008140131
0.683,0.880743576884595
0.684,0.881270112146832
0.685,0.881704564011521
0.686,0.882047882563342
0.687,0.882301017886971
0.688,0.88246492006709
0.689,0.882540539188375
0.69,0.882528825335507
0.691,0.882430728593163
0.692,0.882247199046022
0.693,0.881979186778764
0.694,0.881627641876067
0.695,0.881193514422609
0.696,0.88067775450307
0.697,0.880081312202127
0.698,0.879405137604461
0.699,0.878650180794749
0.7,0.877817391857671
0.701,0.876907720877905
0.702,0.875922117940129
0.703,0.874861533129023
0.704,0.873726916529266
0.705,0.872519218225536
0.706,0.871239388302511
0.707,0.869888376844871
0.708,0.868467133937294
0.709,0.86697660966446
0.71,0.865417754111046
0.711,0.863791517361732
0.712,0.862098849501196
0.713,0.860340700614117
0.714,0.858518020785174
0.715,0.856631760099045
0.716,0.85468286864041
0.717,0.852672296493946
0.718,0.850600993744334
0.719,0.848469910476251
0.72,0.846279996774376
0.721,0.844032202723388
0.722,0.841727478407965
0.723,0.839366773912788
0.724,0.836951039322533
0.725,0.834481224721881
0.726,0.831958280195509
0.727,0.829383155828096
0.728,0.826756801704322
0.729,0.824080167908865
0.73,0.821354204526403
0.731,0.818579861641616
0.732,0.815758089339182
0.733,0.812889837703779
0.734,0.809976056820088
0.735,0.807017696772786
0.736,0.804015707646552
0.737,0.800971039526065
0.738,0.797884642496003
0.739,0.794757466641046
0.74,0.791590462045872
0.741,0.78838457879516
0.742,0.785140766973588
0.743,0.781859976665836
0.744,0.778543157956581
0.745,0.775191260930504
0.746,0.771805235672282
0.747,0.768386032266595
0.748,0.76493460079812
0.749,0.761451891351538
0.75,0.757938854011525
0.751,0.754396438862763
0.752,0.750825595989928
0.753,0.7472272754777
0.754,0.743602427410757
0.755,0.739952001873779
0.756,0.736276948951444
0.757,0.73257821872843
0.758,0.728856761289417
0.759,0.725113526719083
0.76,0.721349465102108
0.761,0.717565526523169
0.762,0.713762661066945
0.763,0.709941818818115
0.764,0.706103949861359
0.765,0.702250004281354
0.766,0.69838093216278
0.767,0.694497683590314
0.768,0.690601208648637
0.769,0.686692457422427
0.77,0.682772379996362
0.771,0.67884192645512
0.772,0.674902046883382
0.773,0.670953691365826
0.774,0.66699780998713
0.775,0.663035352831973
0.776,0.659067269985034
0.777,0.655094511530991
0.778,0.651118027554524
0.779,0.647138768140311
0.78,0.643157683373031
0.781,0.639175723337362
0.782,0.635193838117984
0.783,0.631212977799575
0.784,0.627234092466813
0.785,0.623258132204378
0.786,0.619286047096949
0.787,0.615318787229204
0.788,0.611357302685821
0.789,0.60740254355148
0.79,0.603455459910859
0.791,0.599517001848637
0.792,0.595588119449493
0.793,0.591669762798105
0.794,0.587762881979153
0.795,0.583868427077315
0.796,0.579987348177269
0.797,0.576120595363695
0.798,0.572269118721271
0.799,0.568433868334676
0.8,0.564615794288589
0.801,0.560815846667688
0.802,0.557034975556653
0.803,0.553274131040161
0.804,0.549534263202893
0.805,0.545816322129525
0.806,0.542121257904738
0.807,0.538450020613209
0.808,0.534803560339619
0.809,0.531182827168645
0.81,0.527588771184965
0.811,0.52402234247326
0.812,0.520484491118208
0.813,0.516976167204486
0.814,0.513498320816775
0.815,0.510051902039753
0.816,0.506637860958099
0.817,0.50325714765649
0.818,0.499910712219607
0.819,0.496599504732128
0.82,0.493324475278731
0.821,0.490086573944096
0.822,0.4868867508129
0.823,0.483725955969824
0.824,0.480605139499545
0.825,0.477525251486742
0.826,0.474487242016095
0.827,0.471492061172281
0.828,0.46854065903998
0.829,0.46563398570387
0.83,0.46277299124863
0.831,0.459958625758938
0.832,0.457191839319474
0.833,0.454473582014917
0.834,0.451804803929945
0.835,0.449186455149236
0.836,0.44661948575747
0.837,0.444104845839325
0.838,0.44164348547948
0.839,0.439236354762613
0.84,0.436884403773404
0.841,0.434588582596532
0.842,0.432349841316674
0.843,0.43016913001851
0.844,0.428047398786718
0.845,0.425985597705978
0.846,0.423984676860967
0.847,0.422045586336365
0.848,0.420169276216851
0.849,0.418356696587102
0.85,0.416608797531799
0.851,0.414926529135619
0.852,0.413310841483242
0.853,0.411762684659346
0.854,0.410283008748609
0.855,0.408872763835711
0.856,0.407532900005331
0.857,0.406264367342146
0.858,0.405068115930837
0.859,0.403945095856081
0.86,0.402896257202557
0.861,0.401922550054945
0.862,0.401024924497922
0.863,0.400204330616167
0.864,0.399461718494361
0.865,0.39879803821718
0.866,0.398214239869304
0.867,0.397711273535411
0.868,0.397290089300181
0.869,0.396951637248291
0.87,0.396696867464422
0.871,0.396526730033251
0.872,0.396442175039457
0.873,0.396444152567719
0.874,0.396533612702716
0.875,0.396711505529127
0.876,0.396978781131629
0.877,0.397336389594903
0.878,0.397785281003626
0.879,0.398326405442478
0.88,0.398960712996137
0.881,0.399689153749282
0.882,0.401869879727173
0.883,0.410762357132037
0.884,0.426591876733824
0.885,0.449014187920047
0.886,0.477685040078222
0.887,0.512260182595864
0.888,0.552395364860488
0.889,0.597746336259609
0.89,0.647968846180742
0.891,0.702718644011402
0.892,0.761651479139105
0.893,0.824423100951364
0.894,0.890689258835696
0.895,0.960105702179615
0.896,1.03232818037064
0.897,1.10701244279628
0.898,1.18381423884405
0.899,1.26238931790147
0.9,1.34239342935605
0.901,1.42348232259531
0.902,1.50531174700676
0.903,1.58753745197792
0.904,1.6698151868963
0.905,1.75180070114942
0.906,1.8331497441248
0.907,1.91351806520994
0.908,1.99256141379236
0.909,2.06993553925959
0.91,2.14529619099912
0.911,2.21829911839849
0.912,2.28860007084519
0.913,2.35585479772676
0.914,2.4197190484307
0.915,2.47984857234453
0.916,2.53589911885576
0.917,2.58752643735191
0.918,2.63438627722049
0.919,2.67613438784902
0.92,2.71242651862502
0.921,2.74291841893599
0.922,2.76726583816946
0.923,2.78512452571294
0.924,2.79615023095394
0.925,2.79999870327998
0.926,2.7985057799455
0.927,2.79400932057485
0.928,2.78659935007416
0.929,2.77636456111026
0.93,2.76339364634997
0.931,2.74777529846013
0.932,2.72959821010756
0.933,2.70895107395909
0.934,2.68592258268154
0.935,2.66060142894176
0.936,2.63307630540655
0.937,2.60343590474276
0.938,2.57176891961721
0.939,2.53816404269673
0.94,2.50270996664815
0.941,2.46549538413829
0.942,2.42660898783398
0.943,2.38613947040205
0.944,2.34417552450933
0.945,2.30080584282265
0.946,2.25611911800883
0.947,2.2102040427347
0.948,2.1631493096671
0.949,2.11504361147284
0.95,2.06597564081877
0.951,2.01603409037169
0.952,1.96530765279845
0.953,1.91388502076587
0.954,1.86185488694078
0.955,1.80930594399001
0.956,1.75632688458038
0.957,1.70300640137872
0.958,1.64943318705187
0.959,1.59569593426665
0.96,1.54188333568988
0.961,1.4880840839884
0.962,1.43438687182903
0.963,1.3808803918786
0.964,1.32765333680395
0.965,1.27479439927189
0.966,1.22239227194925
0.967,1.17053564750288
0.968,1.11931321859958
0.969,1.06881367790619
0.97,1.01912571808954
0.971,0.970338031816456
0.972,0.922539311753766
0.973,0.875818250568298
0.974,0.83026354092688
0.975,0.785963875496341
0.976,0.743007946943508
0.977,0.701484447935208
0.978,0.661482071138272
0.979,0.623089509219525
0.98,0.586395454845798
0.981,0.551488600683916
0.982,0.51845763940071
0.983,0.487391263663005
0.984,0.458378166137631
0.985,0.431507039491416
0.986,0.406866576391189
0.987,0.384545469503775
0.988,0.364632411496004
0.989,0.347216095034704
0.99,0.332385212786703
0.991,0.32022845741883
0.992,0.310834521597911
0.993,0.304292097990775
0.994,0.300689879264251
0.995,0.300076144244985
0.996,0.30056862346057
0.997,0.301100898963615
0.998,0.301672326476601
0.999,0.302282261722005
1,0.302930060422307
1.001,0.303615078299986
1.002,0.304336671077521
1.003,0.305094194477392
1.004,0.305887004222077
1.005,0.306714456034056
1.006,0.307575905635808
1.007,0.308470708749811
1.008,0.309398221098545
1.009,0.31035779840449
1.01,0.311348796390124
1.011,0.312370570777926
1.012,0.313422477290376
1.013,0.314503871649952
1.014,0.315614109579135
1.015,0.316752546800402
1.016,0.317918539036233
1.017,0.319111442009107
1.018,0.320330611441504
1.019,0.321575403055903
1.02,0.322845172574781
1.021,0.32413927572062
1.022,0.325457068215897
1.023,0.326797905783093
1.024,0.328161144144685
1.025,0.329546139023154
1.026,0.330952246140978
1.027,0.332378821220637
1.028,0.333825219984609
1.029,0.335290798155374
1.03,0.336774911455411
1.031,0.338276915607199
1.032,0.339796166333217
1.033,0.341332019355945
1.034,0.342883830397861
1.035,0.344450955181445
1.036,0.346032749429175
1.037,0.347628568863531
1.038,0.349237769206992
1.039,0.350857945717116
1.04,0.352479297523434
1.041,0.354100442672557
1.042,0.355721418944412
1.043,0.35734226411893
1.044,0.358963015976039
1.045,0.360583712295668
1.046,0.362204390857747
1.047,0.363825089442205
1.048,0.36544584582897
1.049,0.367066697797971
1.05,0.368687683129139
1.051,0.370308839602401
1.052,0.371930204997687
1.053,0.373551817094926
1.054,0.375173713674048
1.055,0.376795932514981
1.056,0.378418511397653
1.057,0.380041488101995
1.058,0.381664900407936
1.059,0.383288786095404
1.06,0.384913182944329
1.061,0.386538128734639
1.062,0.388163661246264
1.063,0.389789818259133
1.064,0.391416637553174
1.065,0.393044156908317
1.066,0.394672414104492
1.067,0.396301446921627
1.068,0.39793129313965
1.069,0.399561990538492
1.07,0.401193576898082
1.071,0.402826089998348
1.072,0.404459567619219
1.073,0.406094047540625
1.074,0.407729567542495
1.075,0.409366165404757
1.076,0.411003878907341
1.077,0.412642745830176
1.078,0.414282803953191
1.079,0.415924091056315
1.08,0.417566644919477
1.081,0.419210503322606
1.082,0.420855704045632
1.083,0.422502284868483
1.084,0.424150283571088
1.085,0.425799737933377
1.086,0.427450685735278
1.087,0.429103164756721
1.088,0.430757212777635
1.089,0.432412867577949
1.09,0.434070166937591
1.091,0.435729148636492
1.092,0.437389850454579
1.093,0.439052310171783
1.094,0.440716565568032
1.095,0.442382654423255
1.096,0.444050614517382
1.097,0.445720483630341
1.098,0.447392299542061
1.099,0.449066100032472
1.1,0.450745904833914
1.101,0.452459787563822
1.102,0.454207747952452
1.103,0.455983121678704
1.104,0.457779244421482
1.105,0.459589451859688
1.106,0.461407079672224
1.107,0.463225463537993
1.108,0.465037939135898
1.109,0.466837842144841
1.11,0.468618508243723
1.111,0.470373273111448
1.112,0.472095472426919
1.113,0.473778441869036
1.114,0.475415517116704
1.115,0.477000033848823
1.116,0.478525327744297
1.117,0.479984734482029
1.118,0.48141220284084
1.119,0.482847260713602
1.12,0.484289030924973
1.121,0.48573663164035
1.122,0.487189181025131
1.123,0.488645797244714
1.124,0.490105598464497
1.125,0.491567702849876
1.126,0.493031228566252
1.127,0.49449529377902
1.128,0.49595901665358
1.129,0.497421515355328
1.13,0.498881908049663
1.131,0.500339312901983
1.132,0.501792848077686
1.133,0.503241631742168
1.134,0.504684782060829
1.135,0.506121417199065
1.136,0.507550655322276
1.137,0.508971614595858
1.138,0.510383413185211
1.139,0.51178516925573
1.14,0.513176000972814
1.141,0.514555026501862
1.142,0.515921364008271
1.143,0.517274131657438
1.144,0.518612447614763
1.145,0.519935430045641
1.146,0.521242197115473
1.147,0.522531866989654
1.148,0.523803557833584
1.149,0.525056387812659
1.15,0.526289475092278
1.151,0.527501937837839
1.152,0.52869289421474
1.153,0.529861462388377
1.154,0.53100676052415
1.155,0.532127906787456
1.156,0.533224019343693
1.157,0.534294216358259
1.158,0.535337615996551
1.159,0.536353336423968
1.16,0.537340495805907
1.161,0.538298212307766
1.162,0.539225604094943
1.163,0.540121789332837
1.164,0.540985886186844
1.165,0.541817012822362
1.166,0.54261428740479
1.167,0.543376828099525
1.168,0.544103753071965
1.169,0.544794180487508
1.17,0.545447228511552
1.171,0.546062015309495
1.172,0.546637659046735
1.173,0.547173277888668
1.174,0.547667990000694
1.175,0.54812091354821
1.176,0.548531166696614
1.177,0.548897867611304
1.178,0.549220134457678
1.179,0.549497085401133
1.18,0.549727838607067
1.181,0.549911512240878
1.182,0.550047224467965
1.183,0.550134093453724
1.184,0.550171237363555
1.185,0.550157774362854
1.186,0.550092822617019
1.187,0.549974445090929
1.188,0.549759064560955
1.189,0.549427323864819
1.19,0.548983549881557
1.191,0.548432069490205
1.192,0.547777209569799
1.193,0.547023296999378
1.194,0.546174658657975
1.195,0.545235621424629
1.196,0.544210512178374
1.197,0.543103657798249
1.198,0.541919385163288
1.199,0.540662021152529
1.2,0.539335892645008
1.201,0.537945326519761
1.202,0.536494649655825
1.203,0.534988188932236
1.204,0.53343027122803
1.205,0.531825223422244
1.206,0.530177372393915
1.207,0.528491045022078
1.208,0.526770568185769
1.209,0.525020268764027
1.21,0.523244473635886
1.211,0.521447509680383
1.212,0.519633703776555
1.213,0.517807382803438
1.214,0.515972873640068
1.215,0.514134503165482
1.216,0.512296598258715
1.217,0.510463485798806
1.218,0.50863949266479
1.219,0.506828945735702
1.22,0.505036171890581
1.221,0.503265498008461
1.222,0.50152125096838
1.223,0.499807757649374
1.224,0.498129344930479
1.225,0.496490339690731
1.226,0.494895068809168
1.227,0.493347859164825
1.228,0.491853037636739
1.229,0.490414931103946
1.23,0.489037866445482
1.231,0.487726170540385
1.232,0.48648417026769
1.233,0.485316192506433
1.234,0.484226564135652
1.235,0.483219612034383
1.236,0.482299663081661
1.237,0.481471044156524
1.238,0.480738082138007
1.239,0.480105103905147
1.24,0.479574729104879
1.241,0.479143491716003
1.242,0.478807562470458
1.243,0.478563152961986
1.244,0.478406474784332
1.245,0.478333739531238
1.246,0.47834115879645
1.247,0.478424944173712
1.248,0.478581307256765
1.249,0.478806459639355
1.25,0.479096612915225
1.251,0.479447978678119
1.252,0.479856768521781
1.253,0.480319194039955
1.254,0.480831466826384
1.255,0.481389798474811
1.256,0.481990400578982
1.257,0.482629484732639
1.258,0.483303262529527
1.259,0.484007945563389
1.26,0.484739745427969
1.261,0.485494873717011
1.262,0.486269542024258
1.263,0.487059961943454
1.264,0.487862345068344
1.265,0.48867290299267
1.266,0.489487847310177
1.267,0.490303389614609
1.268,0.491115741499708
1.269,0.49192111455922
1.27,0.492715720386887
1.271,0.493495770576454
1.272,0.494257476721665
1.273,0.494997050416262
1.274,0.49571070325399
1.275,0.496394646828593
1.276,0.497045092733814
1.277,0.497658252563397
1.278,0.498230337911087
1.279,0.498757560370626
1.28,0.499236131535758
1.281,0.499662263000228
1.282,0.500032166357779
1.283,0.500342053202155
1.284,0.500588135127099
1.285,0.500766623726356
1.286,0.500873730593669
1.287,0.500905667322782
1.288,0.500858645507439
1.289,0.500728876741383
1.29,0.500512572618359
1.291,0.50020594473211
1.292,0.499805709256988
1.293,0.499313745127138
1.294,0.49873247285198
1.295,0.49806388144974
1.296,0.497309959938647
1.297,0.49647269733693
1.298,0.495554082662816
1.299,0.494556104934535
1.3,0.493480753170314
1.301,0.492330016388382
1.302,0.491105883606967
1.303,0.489810343844297
1.304,0.4884453861186
1.305,0.487012999448106
1.306,0.485515172851041
1.307,0.483953895345635
1.308,0.482331155950116
1.309,0.480648943682711
1.31,0.478909247561651
1.311,0.477114056605161
1.312,0.475265359831472
1.313,0.47336514625881
1.314,0.471415404905406
1.315,0.469418124789486
1.316,0.467375294929278
1.317,0.465288904343012
1.318,0.463160942048916
1.319,0.460993397065218
1.32,0.458788258410146
1.321,0.456547515101928
1.322,0.454273156158794
1.323,0.451967170598971
1.324,0.449631547440686
1.325,0.447268275702169
1.326,0.444879344401649
1.327,0.442466742557353
1.328,0.440032459187509
1.329,0.437578483310345
1.33,0.435106803944092
1.331,0.432619410106976
1.332,0.430118290817225
1.333,0.427605435093068
1.334,0.425082831952733
1.335,0.42255247041445
1.336,0.420016339496444
1.337,0.417476428216947
1.338,0.414934725594184
1.339,0.412393220646386
1.34,0.409853902391779
1.341,0.407318759848593
1.342,0.404789782035055
1.343,0.402268957969394
1.344,0.399757494301845
1.345,0.397159836370895
1.346,0.394414385858513
1.347,0.391528957303776
1.348,0.388511365245759
1.349,0.38536942422354
1.35,0.382110948776193
1.351,0.378743753442795
1.352,0.375275652762421
1.353,0.371714461274148
1.354,0.368067993517051
1.355,0.364344064030207
1.356,0.360550487352691
1.357,0.35669507802358
1.358,0.352785650581949
1.359,0.348830019566876
1.36,0.344835999517434
1.361,0.340811404972701
1.362,0.336764050471752
1.363,0.332701750553664
1.364,0.328632319757511
1.365,0.324563572622372
1.366,0.32050332368732
1.367,0.316459387491434
1.368,0.312439578573787
1.369,0.308451711473457
1.37,0.304503600729518
1.371,0.300603060881049
1.372,0.296757906467123
1.373,0.292975952026818
1.374,0.289265012099208
1.375,0.285632901223371
1.376,0.282087433938382
1.377,0.278636424783317
1.378,0.275287688297252
1.379,0.272049039019264
1.38,0.268928291488427
1.381,0.265933260243819
1.382,0.263071759824514
1.383,0.26035160476959
1.384,0.257780609618121
1.385,0.255366588909185
1.386,0.253117357181856
1.387,0.251040728975212
1.388,0.249150709913042
1.389,0.24748896597031
1.39,0.246046691709113
1.391,0.244805512268453
1.392,0.243747052787329
1.393,0.242852938404741
1.394,0.242104794259688
1.395,0.241484245491171
1.396,0.240972917238188
1.397,0.24055243463974
1.398,0.240204422834826
1.399,0.239910506962447
1.4,0.239652312161601
1.401,0.239411463571288
1.402,0.239169586330509
1.403,0.238908305578263
1.404,0.238609246453549
1.405,0.238254034095368
1.406,0.237824293642719
1.407,0.237301650234601
1.408,0.236667729010015
1.409,0.235904155107961
1.41,0.234992553667437
1.411,0.233914549827444
1.412,0.232651768726981
1.413,0.231185835505049
1.414,0.229504172080307
1.415,0.227696430755598
1.416,0.225802905688627
1.417,0.223828813262514
1.418,0.221779369860377
1.419,0.219659791865335
1.42,0.217475295660505
1.421,0.215231097629008
1.422,0.21293241415396
1.423,0.210584461618482
1.424,0.20819245640569
1.425,0.205761614898704
1.426,0.203297153480642
1.427,0.200804288534624
1.428,0.198288236443766
1.429,0.195754213591188
1.43,0.193207436360009
1.431,0.190653121133347
1.432,0.18809648429432
1.433,0.185542742226047
1.434,0.182997111311646
1.435,0.180464807934236
1.436,0.177951048476936
1.437,0.175461049322864
1.438,0.173000026855138
1.439,0.170573197456878
1.44,0.168185777511201
1.441,0.165842983401226
1.442,0.163550031510072
1.443,0.161312138220857
1.444,0.159134519916701
1.445,0.157022392980719
1.446,0.154980973796033
1.447,0.15301547874576
1.448,0.15113112421302
1.449,0.149326371840145
1.45,0.147535536274099
1.451,0.145742517709782
1.452,0.143949510583889
1.453,0.142158709333118
1.454,0.140372308394167
1.455,0.138592502203732
1.456,0.136821485198511
1.457,0.1350614518152
1.458,0.133314596490497
1.459,0.131583113661098
1.46,0.129869197763701
1.461,0.128175043235003
1.462,0.126502844511701
1.463,0.124854796030491
1.464,0.123233092228072
1.465,0.12163992754114
1.466,0.120077496406392
1.467,0.118547993260525
1.468,0.117053612540237
1.469,0.115596548682224
1.47,0.114178996123184
1.471,0.112803149299813
1.472,0.111471202648809
1.473,0.110185350606868
1.474,0.108947787610689
1.475,0.107760708096967
1.476,0.106626306502401
1.477,0.105546777263686
1.478,0.10452431481752
1.479,0.103561113600601
1.48,0.102659368049624
1.481,0.101821272601288
1.482,0.10104902169229
1.483,0.100344809759326
1.484,0.0997047423300501
1.485,0.0990889233431036
1.486,0.0984896499763236
1.487,0.0979068475465391
1.488,0.0973404413705794
1.489,0.0967903567652735
1.49,0.0962565190474507
1.491,0.0957388535339399
1.492,0.0952372855415706
1.493,0.0947517403871716
1.494,0.0942821433875723
1.495,0.0938284198596016
1.496,0.093390495120089
1.497,0.0929682944858633
1.498,0.0925617432737539
1.499,0.0921707668005897
1.5,0.0917952903832001
1.501,0.0914352393384141
1.502,0.0910905389830609
1.503,0.0907611146339696
1.504,0.0904468916079694
1.505,0.0901477952218893
1.506,0.0898637507925587
1.507,0.0895946836368066
1.508,0.0893405190714622
1.509,0.0891011824133545
1.51,0.0888765989793128
1.511,0.0886666940861662
1.512,0.0884713930507439
1.513,0.088290621189875
1.514,0.0881243038203886
1.515,0.0879723662591139
1.516,0.0878347338228801
1.517,0.0877113318285162
1.518,0.0876020855928515
1.519,0.087506920432715
1.52,0.087425761664936
1.521,0.0873585346063436
1.522,0.0873051645737669
1.523,0.087265576884035
1.524,0.0872396968539772
1.525,0.0872274498004226
1.526,0.0872287610402002
1.527,0.0872435558901393
1.528,0.087271759667069
1.529,0.0873132976878185
1.53,0.0873680952692169
1.531,0.0874360777280934
1.532,0.087517170381277
1.533,0.0876112985455969
1.534,0.0877183875378824
1.535,0.0878383626749625
1.536,0.0879711492736664
1.537,0.0881166726508232
1.538,0.0882748581232621
1.539,0.0884456310078122
1.54,0.0886289166213027
1.541,0.0888246402805627
1.542,0.0890327273024214
1.543,0.0892531030037079
1.544,0.0894856927012514
1.545,0.089730421711881
1.546,0.0899872153524258
1.547,0.090255998939715
1.548,0.0905366977905778
1.549,0.0908292372218433
1.55,0.0911335425503406
1.551,0.091449539092899
1.552,0.0917771521663474
1.553,0.0921163070875152
1.554,0.0924669291732314
1.555,0.0928289437403252
1.556,0.0932022761056256
1.557,0.0935868515859621
1.558,0.0939825954981634
1.559,0.094389433159059
1.56,0.0948072898854779
1.561,0.0952360909942493
1.562,0.0956757618022022
1.563,0.096126227626166
1.564,0.0965874137829696
1.565,0.0970592455894423
1.566,0.0975416483624132
1.567,0.0980345474187115
1.568,0.0985378680751662
1.569,0.0990515356486066
1.57,0.0995754754558617
