GBE Subset- phi0 (GPa), Cumulative Freq.,non-GBE- phi0 (GPa), Cumulative Freq., GBE- phi0 (GPa), Cumulative Freq.
0.300483,0.00292397660818713,0.300502,0.00452944136889784,0.3025,0.00241157556270096
0.302966,0.0087719298245614,0.303004,0.00956215400100654,0.305,0.00482315112540193
0.305449,0.0146198830409357,0.305506,0.0166079516859587,0.3075,0.00683279742765273
0.307932,0.0160818713450292,0.308008,0.0231504781077,0.31,0.00803858520900321
0.310415,0.0190058479532164,0.31051,0.0261701056869653,0.3125,0.00964630225080386
0.312898,0.0204678362573099,0.313012,0.0296930045294414,0.315,0.0112540192926045
0.315381,0.0204678362573099,0.315514,0.0322093608454957,0.3175,0.0136655948553055
0.317864,0.0233918128654971,0.318016,0.0367388022143936,0.32,0.0136655948553055
0.320347,0.0233918128654971,0.320518,0.0407649723200805,0.3225,0.0152733118971061
0.32283,0.0233918128654971,0.32302,0.0478107700050327,0.325,0.0164790996784566
0.325313,0.0277777777777778,0.325522,0.0538500251635632,0.3275,0.0204983922829582
0.327796,0.0277777777777778,0.328024,0.0634121791645697,0.33,0.0233118971061093
0.330279,0.0307017543859649,0.330526,0.0719677906391545,0.3325,0.0281350482315113
0.332762,0.033625730994152,0.333028,0.0770005032712632,0.335,0.0329581993569132
0.335245,0.0380116959064327,0.33553,0.0875691997986915,0.3375,0.0405948553054662
0.337728,0.0482456140350877,0.338032,0.0961248112732763,0.34,0.0518488745980707
0.340211,0.0570175438596491,0.340534,0.110216406643181,0.3425,0.0631028938906752
0.342694,0.0614035087719298,0.343036,0.124811273276296,0.345,0.0747588424437299
0.345177,0.0716374269005848,0.345538,0.141419224962255,0.3475,0.0936495176848875
0.34766,0.0935672514619883,0.34804,0.157020634121792,0.35,0.121784565916399
0.350143,0.119883040935673,0.350542,0.177151484650226,0.3525,0.154340836012862
0.352626,0.154970760233918,0.353044,0.198792148968294,0.355,0.188102893890675
0.355109,0.181286549707602,0.355546,0.225968797181681,0.3575,0.227090032154341
0.357592,0.216374269005848,0.358048,0.253648716658279,0.36,0.268890675241158
0.360075,0.251461988304094,0.36055,0.28887770508304,0.3625,0.310289389067524
0.362558,0.307017543859649,0.363052,0.319073980875692,0.365,0.341639871382637
0.365041,0.342105263157895,0.365554,0.339204831404127,0.3675,0.341639871382637
0.367524,0.342105263157895,0.368056,0.341721187720181,0.37,0.341639871382637
0.370007,0.342105263157895,0.370558,0.343231001509814,0.3725,0.342443729903537
0.37249,0.342105263157895,0.37306,0.345244086562657,0.375,0.342845659163987
0.374973,0.345029239766082,0.375562,0.348263714141922,0.3775,0.342845659163987
0.377456,0.346491228070175,0.378064,0.348263714141922,0.38,0.344051446945338
0.379939,0.346491228070175,0.380566,0.348263714141922,0.3825,0.344051446945338
0.382422,0.346491228070175,0.383068,0.348766985405133,0.385,0.344453376205788
0.384905,0.346491228070175,0.38557,0.348766985405133,0.3875,0.344453376205788
0.387388,0.346491228070175,0.388072,0.348766985405133,0.39,0.344855305466238
0.389871,0.346491228070175,0.390574,0.349773527931555,0.3925,0.344855305466238
0.392354,0.346491228070175,0.393076,0.350276799194766,0.395,0.344855305466238
0.394837,0.346491228070175,0.395578,0.350780070457977,0.3975,0.354099678456592
0.39732,0.361111111111111,0.39808,0.360845495722194,0.4,0.363745980707395
0.399803,0.366959064327485,0.400582,0.367891293407146,0.4025,0.365353697749196
0.402286,0.368421052631579,0.403084,0.37594363361852,0.405,0.367363344051447
0.404769,0.371345029239766,0.405586,0.377956718671364,0.4075,0.368569131832797
0.407252,0.375730994152047,0.408088,0.382989431303473,0.41,0.370578778135048
0.409735,0.378654970760234,0.41059,0.386009058882738,0.4125,0.372186495176849
0.412218,0.380116959064327,0.413092,0.388022143935581,0.415,0.375
0.414701,0.380116959064327,0.415594,0.389028686462003,0.4175,0.377813504823151
0.417184,0.383040935672515,0.418096,0.389531957725214,0.42,0.381832797427653
0.419667,0.384502923976608,0.420598,0.391041771514846,0.4225,0.384244372990354
0.42215,0.387426900584795,0.4231,0.392048314041268,0.425,0.385048231511254
0.424633,0.388888888888889,0.425602,0.395067941620533,0.4275,0.386655948553055
0.427116,0.388888888888889,0.428104,0.397081026673377,0.43,0.387057877813505
0.429599,0.388888888888889,0.430606,0.398087569199799,0.4325,0.387459807073955
0.432082,0.388888888888889,0.433108,0.398087569199799,0.435,0.388263665594855
0.434565,0.388888888888889,0.43561,0.39909411172622,0.4375,0.389469453376206
0.437048,0.388888888888889,0.438112,0.400100654252642,0.44,0.389871382636656
0.439531,0.388888888888889,0.440614,0.400100654252642,0.4425,0.391881028938907
0.442014,0.391812865497076,0.443116,0.401107196779064,0.445,0.392684887459807
0.444497,0.39327485380117,0.445618,0.402617010568697,0.4475,0.392684887459807
0.44698,0.394736842105263,0.44812,0.403623553095118,0.45,0.393086816720257
0.449463,0.394736842105263,0.450622,0.405133366884751,0.4525,0.394292604501608
0.451946,0.394736842105263,0.453124,0.406139909411173,0.455,0.394694533762058
0.454429,0.394736842105263,0.455626,0.407146451937594,0.4575,0.396302250803859
0.456912,0.394736842105263,0.458128,0.408656265727227,0.46,0.397106109324759
0.459395,0.394736842105263,0.46063,0.409159536990438,0.4625,0.398713826366559
0.461878,0.396198830409357,0.463132,0.409662808253649,0.465,0.39991961414791
0.464361,0.399122807017544,0.465634,0.41066935078007,0.4675,0.39991961414791
0.466844,0.400584795321637,0.468136,0.412682435832914,0.47,0.40032154340836
0.469327,0.400584795321637,0.470638,0.413185707096125,0.4725,0.40112540192926
0.47181,0.402046783625731,0.47314,0.413688978359336,0.475,0.402733118971061
0.474293,0.403508771929825,0.475642,0.414192249622547,0.4775,0.403536977491961
0.476776,0.403508771929825,0.478144,0.41620533467539,0.48,0.403938906752412
0.479259,0.403508771929825,0.480646,0.41620533467539,0.4825,0.405144694533762
0.481742,0.403508771929825,0.483148,0.417211877201812,0.485,0.405546623794212
0.484225,0.403508771929825,0.48565,0.418721690991444,0.4875,0.406350482315113
0.486708,0.404970760233918,0.488152,0.419728233517866,0.49,0.407154340836013
0.489191,0.404970760233918,0.490654,0.419728233517866,0.4925,0.408360128617363
0.491674,0.404970760233918,0.493156,0.420231504781077,0.495,0.408360128617363
0.494157,0.406432748538012,0.495658,0.420231504781077,0.4975,0.408762057877814
0.49664,0.406432748538012,0.49816,0.420734776044288,0.5,0.409967845659164
0.499123,0.406432748538012,0.500662,0.421238047307499,0.5025,0.411575562700965
0.501606,0.406432748538012,0.503164,0.42174131857071,0.505,0.412781350482315
0.504089,0.407894736842105,0.505666,0.42174131857071,0.5075,0.413987138263666
0.506572,0.409356725146199,0.508168,0.422747861097131,0.51,0.415192926045016
0.509055,0.409356725146199,0.51067,0.423754403623553,0.5125,0.417202572347267
0.511538,0.410818713450292,0.513172,0.424257674886764,0.515,0.418408360128617
0.514021,0.410818713450292,0.515674,0.424760946149975,0.5175,0.419212218649518
0.516504,0.410818713450292,0.518176,0.425767488676397,0.52,0.419614147909968
0.518987,0.410818713450292,0.520678,0.426270759939607,0.5225,0.420016077170418
0.52147,0.412280701754386,0.52318,0.427277302466029,0.525,0.421221864951768
0.523953,0.412280701754386,0.525682,0.428283844992451,0.5275,0.422427652733119
0.526436,0.412280701754386,0.528184,0.428787116255662,0.53,0.423231511254019
0.528919,0.412280701754386,0.530686,0.429793658782084,0.5325,0.42443729903537
0.531402,0.41374269005848,0.533188,0.431806743834927,0.535,0.42524115755627
0.533885,0.415204678362573,0.53569,0.43331655762456,0.5375,0.426848874598071
0.536368,0.415204678362573,0.538192,0.43331655762456,0.54,0.427652733118971
0.538851,0.415204678362573,0.540694,0.43381982888777,0.5425,0.428054662379421
0.541334,0.41812865497076,0.543196,0.43381982888777,0.545,0.428054662379421
0.543817,0.41812865497076,0.545698,0.434826371414192,0.5475,0.428858520900322
0.5463,0.419590643274854,0.5482,0.436839456467036,0.55,0.428858520900322
0.548783,0.421052631578947,0.550702,0.437342727730247,0.5525,0.430064308681672
0.551266,0.421052631578947,0.553204,0.438349270256668,0.555,0.430064308681672
0.553749,0.422514619883041,0.555706,0.43935581278309,0.5575,0.430064308681672
0.556232,0.423976608187135,0.558208,0.440865626572723,0.56,0.430064308681672
0.558715,0.423976608187135,0.56071,0.441872169099144,0.5625,0.430064308681672
0.561198,0.423976608187135,0.563212,0.441872169099144,0.565,0.430064308681672
0.563681,0.423976608187135,0.565714,0.442878711625566,0.5675,0.432475884244373
0.566164,0.423976608187135,0.568216,0.443885254151988,0.57,0.432475884244373
0.568647,0.423976608187135,0.570718,0.44489179667841,0.5725,0.433279742765273
0.57113,0.423976608187135,0.57322,0.445395067941621,0.575,0.434083601286174
0.573613,0.423976608187135,0.575722,0.445898339204831,0.5775,0.435289389067524
0.576096,0.423976608187135,0.578224,0.446904881731253,0.58,0.435691318327974
0.578579,0.423976608187135,0.580726,0.447408152994464,0.5825,0.438102893890675
0.581062,0.423976608187135,0.583228,0.448414695520886,0.585,0.438906752411576
0.583545,0.423976608187135,0.58573,0.449421238047307,0.5875,0.439710610932476
0.586028,0.425438596491228,0.588232,0.449924509310518,0.59,0.440916398713826
0.588511,0.425438596491228,0.590734,0.449924509310518,0.5925,0.441720257234727
0.590994,0.425438596491228,0.593236,0.45093105183694,0.595,0.442122186495177
0.593477,0.426900584795322,0.595738,0.451937594363362,0.5975,0.442524115755627
0.59596,0.432748538011696,0.59824,0.452944136889784,0.6,0.443729903536977
0.598443,0.435672514619883,0.600742,0.453950679416205,0.6025,0.445337620578778
0.600926,0.435672514619883,0.603244,0.453950679416205,0.605,0.446945337620579
0.603409,0.437134502923977,0.605746,0.453950679416205,0.6075,0.447347266881029
0.605892,0.43859649122807,0.608248,0.454957221942627,0.61,0.448553054662379
0.608375,0.43859649122807,0.61075,0.454957221942627,0.6125,0.45056270096463
0.610858,0.440058479532164,0.613252,0.455460493205838,0.615,0.451366559485531
0.613341,0.442982456140351,0.615754,0.455963764469049,0.6175,0.451768488745981
0.615824,0.442982456140351,0.618256,0.455963764469049,0.62,0.451768488745981
0.618307,0.442982456140351,0.620758,0.457473578258681,0.6225,0.452170418006431
0.62079,0.444444444444444,0.62326,0.458480120785103,0.625,0.452974276527331
0.623273,0.445906432748538,0.625762,0.460996477101158,0.6275,0.454180064308682
0.625756,0.448830409356725,0.628264,0.461499748364368,0.63,0.454581993569132
0.628239,0.450292397660819,0.630766,0.462003019627579,0.6325,0.455385852090032
0.630722,0.450292397660819,0.633268,0.462003019627579,0.635,0.456591639871383
0.633205,0.450292397660819,0.63577,0.463009562154001,0.6375,0.458601286173633
0.635688,0.450292397660819,0.638272,0.463512833417212,0.64,0.459003215434084
0.638171,0.450292397660819,0.640774,0.463512833417212,0.6425,0.459405144694534
0.640654,0.456140350877193,0.643276,0.464016104680423,0.645,0.460209003215434
0.643137,0.457602339181287,0.645778,0.464016104680423,0.6475,0.460610932475884
0.64562,0.457602339181287,0.64828,0.464519375943634,0.65,0.467443729903537
0.648103,0.457602339181287,0.650782,0.475088072471062,0.6525,0.477893890675241
0.650586,0.464912280701754,0.653284,0.482637141419225,0.655,0.481511254019293
0.653069,0.470760233918129,0.655786,0.489179667840966,0.6575,0.487942122186495
0.655552,0.478070175438596,0.658288,0.494212380473075,0.66,0.492363344051447
0.658035,0.478070175438596,0.66079,0.497735279315551,0.6625,0.495176848874598
0.660518,0.483918128654971,0.663292,0.501258178158027,0.665,0.49959807073955
0.663001,0.485380116959064,0.665794,0.503271263210871,0.6675,0.507636655948553
0.665484,0.486842105263158,0.668296,0.506794162053347,0.67,0.512459807073955
0.667967,0.491228070175439,0.670798,0.509310518369401,0.6725,0.516881028938907
0.67045,0.498538011695906,0.6733,0.511323603422245,0.675,0.519694533762058
0.672933,0.5,0.675802,0.514846502264721,0.6775,0.52451768488746
0.675416,0.502923976608187,0.678304,0.517866129843986,0.68,0.529742765273312
0.677899,0.508771929824561,0.680806,0.523402113739305,0.6825,0.537781350482315
0.680382,0.511695906432749,0.683308,0.52591847005536,0.685,0.545418006430868
0.682865,0.516081871345029,0.68581,0.530447911424258,0.6875,0.548633440514469
0.685348,0.517543859649123,0.688312,0.534474081529945,0.69,0.55104501607717
0.687831,0.517543859649123,0.690814,0.536990437845999,0.6925,0.555064308681672
0.690314,0.521929824561403,0.693316,0.540513336688475,0.695,0.559083601286174
0.692797,0.527777777777778,0.695818,0.545546049320584,0.6975,0.562299035369775
0.69528,0.535087719298246,0.69832,0.548565676899849,0.7,0.565916398713826
0.697763,0.54093567251462,0.700822,0.553598389531958,0.7025,0.569533762057878
0.700246,0.543859649122807,0.703324,0.557624559637645,0.705,0.572749196141479
0.702729,0.549707602339181,0.705826,0.558631102164066,0.7075,0.57556270096463
0.705212,0.558479532163743,0.708328,0.56064418721691,0.71,0.578376205787781
0.707695,0.56140350877193,0.71083,0.565173628585808,0.7125,0.581591639871383
0.710178,0.562865497076023,0.713332,0.570206341217916,0.715,0.584405144694534
0.712661,0.564327485380117,0.715834,0.574232511323603,0.7175,0.586816720257235
0.715144,0.565789473684211,0.718336,0.577252138902869,0.72,0.589630225080386
0.717627,0.570175438596491,0.720838,0.580271766482134,0.7225,0.590032154340836
0.72011,0.571637426900585,0.72334,0.583291394061399,0.725,0.593649517684887
0.722593,0.576023391812866,0.725842,0.586814292903875,0.7275,0.598070739549839
0.725076,0.578947368421053,0.728344,0.590840463009562,0.73,0.60048231511254
0.727559,0.58187134502924,0.730846,0.594363361852038,0.7325,0.602491961414791
0.730042,0.584795321637427,0.733348,0.598389531957725,0.735,0.606109324758842
0.732525,0.589181286549708,0.73585,0.60090588827378,0.7375,0.607717041800643
0.735008,0.593567251461988,0.738352,0.603925515853045,0.74,0.608520900321543
0.737491,0.595029239766082,0.740854,0.605435329642677,0.7425,0.609726688102894
0.739974,0.595029239766082,0.743356,0.607448414695521,0.745,0.610932475884244
0.742457,0.597953216374269,0.745858,0.611474584801208,0.7475,0.612942122186495
0.74494,0.600877192982456,0.74836,0.613990941117262,0.75,0.615755627009646
0.747423,0.603801169590643,0.750862,0.616507297433317,0.7525,0.617765273311897
0.749906,0.603801169590643,0.753364,0.619526925012582,0.755,0.620980707395498
0.752389,0.605263157894737,0.755866,0.621540010065425,0.7575,0.62379421221865
0.754872,0.612573099415205,0.758368,0.622546552591847,0.76,0.626607717041801
0.757355,0.616959064327485,0.76087,0.623553095118269,0.7625,0.628215434083601
0.759838,0.621345029239766,0.763372,0.62405636638148,0.765,0.630627009646302
0.762321,0.62719298245614,0.765874,0.627579265223956,0.7675,0.631028938906752
0.764804,0.628654970760234,0.768376,0.631102164066432,0.77,0.633842443729904
0.767287,0.628654970760234,0.770878,0.633618520382486,0.7725,0.635852090032154
0.76977,0.628654970760234,0.77338,0.637141419224962,0.775,0.637057877813505
0.772253,0.628654970760234,0.775882,0.640664318067438,0.7775,0.637861736334405
0.774736,0.630116959064328,0.778384,0.64167086059386,0.78,0.640273311897106
0.777219,0.633040935672515,0.780886,0.645193759436336,0.7825,0.641881028938907
0.779702,0.634502923976608,0.783388,0.649219929542023,0.785,0.645096463022508
0.782185,0.635964912280702,0.78589,0.651736285858078,0.7875,0.646704180064309
0.784668,0.641812865497076,0.788392,0.654755913437343,0.79,0.647909967845659
0.787151,0.64327485380117,0.790894,0.658278812279819,0.7925,0.64911575562701
0.789634,0.64327485380117,0.793396,0.661298439859084,0.795,0.651929260450161
0.792117,0.644736842105263,0.795898,0.665324609964771,0.7975,0.653536977491961
0.7946,0.646198830409357,0.7984,0.668847508807247,0.8,0.653938906752412
0.797083,0.649122807017544,0.800902,0.670860593860091,0.8025,0.655546623794212
0.799566,0.649122807017544,0.803404,0.674383492702567,0.805,0.657556270096463
0.802049,0.652046783625731,0.805906,0.678912934071464,0.8075,0.659565916398714
0.804532,0.653508771929825,0.808408,0.682435832913941,0.81,0.661173633440514
0.807015,0.653508771929825,0.81091,0.684952189229995,0.8125,0.665594855305466
0.809498,0.656432748538012,0.813412,0.68797181680926,0.815,0.668006430868167
0.811981,0.660818713450292,0.815914,0.690991444388525,0.8175,0.671221864951768
0.814464,0.66374269005848,0.818416,0.694514343231001,0.82,0.673231511254019
0.816947,0.665204678362573,0.820918,0.696527428283845,0.8225,0.676848874598071
0.81943,0.669590643274854,0.82342,0.698540513336688,0.825,0.679260450160772
0.821913,0.672514619883041,0.825922,0.700553598389532,0.8275,0.681672025723473
0.824396,0.675438596491228,0.828424,0.701560140915954,0.83,0.682475884244373
0.826879,0.676900584795322,0.830926,0.70508303975843,0.8325,0.685289389067524
0.829362,0.679824561403509,0.833428,0.705586311021641,0.835,0.688102893890675
0.831845,0.685672514619883,0.83593,0.709109209864117,0.8375,0.690112540192926
0.834328,0.692982456140351,0.838432,0.710619023653749,0.84,0.691318327974277
0.836811,0.695906432748538,0.840934,0.714645193759436,0.8425,0.695337620578778
0.839294,0.704678362573099,0.843436,0.718671363865123,0.845,0.69895498392283
0.841777,0.706140350877193,0.845938,0.721187720181178,0.8475,0.704581993569132
0.84426,0.707602339181287,0.84844,0.724710619023654,0.85,0.710209003215434
0.846743,0.710526315789474,0.850942,0.729743331655762,0.8525,0.712218649517685
0.849226,0.714912280701754,0.853444,0.732762959235028,0.855,0.717041800643087
0.851709,0.719298245614035,0.855946,0.735782586814293,0.8575,0.723472668810289
0.854192,0.719298245614035,0.858448,0.740815299446402,0.86,0.727491961414791
0.856675,0.725146198830409,0.86095,0.748364368394565,0.8625,0.733922829581994
0.859158,0.732456140350877,0.863452,0.753397081026673,0.865,0.740755627009646
0.861641,0.732456140350877,0.865954,0.761952692501258,0.8675,0.75
0.864124,0.741228070175439,0.868456,0.768495218923,0.87,0.763665594855305
0.866607,0.752923976608187,0.870958,0.779063915450428,0.8725,0.77532154340836
0.86909,0.766081871345029,0.87346,0.786612984398591,0.875,0.793006430868167
0.871573,0.776315789473684,0.875962,0.798188223452441,0.8775,0.807877813504823
0.874056,0.792397660818713,0.878464,0.818319073980876,0.88,0.827572347266881
0.876539,0.802631578947368,0.880966,0.8379466532461,0.8825,0.881028938906752
0.879022,0.826023391812866,0.883468,0.864620030196276,0.885,0.887861736334405
0.881505,0.846491228070175,0.88597,0.865123301459487,0.8875,0.887861736334405
0.883988,0.874269005847953,0.888472,0.865626572722697,0.89,0.887861736334405
0.886471,0.874269005847953,0.890974,0.865626572722697,0.8925,0.887861736334405
0.888954,0.874269005847953,0.893476,0.866633115249119,0.895,0.887861736334405
0.891437,0.874269005847953,0.895978,0.86713638651233,0.8975,0.888665594855305
0.89392,0.875730994152047,0.89848,0.86713638651233,0.9,0.889067524115756
0.896403,0.87719298245614,0.900982,0.86713638651233,0.9025,0.889067524115756
0.898886,0.87719298245614,0.903484,0.868142929038752,0.905,0.889469453376206
0.901369,0.87719298245614,0.905986,0.869149471565174,0.9075,0.889469453376206
0.903852,0.878654970760234,0.908488,0.869652742828384,0.91,0.889871382636656
0.906335,0.878654970760234,0.91099,0.870156014091595,0.9125,0.889871382636656
0.908818,0.878654970760234,0.913492,0.870156014091595,0.915,0.889871382636656
0.911301,0.878654970760234,0.915994,0.871665827881228,0.9175,0.889871382636656
0.913784,0.880116959064328,0.918496,0.872169099144439,0.92,0.889871382636656
0.916267,0.880116959064328,0.920998,0.872169099144439,0.9225,0.889871382636656
0.91875,0.881578947368421,0.9235,0.87267237040765,0.925,0.890273311897106
0.921233,0.881578947368421,0.926002,0.873175641670861,0.9275,0.890273311897106
0.923716,0.881578947368421,0.928504,0.873175641670861,0.93,0.890273311897106
0.926199,0.883040935672515,0.931006,0.873678912934072,0.9325,0.890675241157556
0.928682,0.883040935672515,0.933508,0.873678912934072,0.935,0.891077170418006
0.931165,0.883040935672515,0.93601,0.873678912934072,0.9375,0.891479099678457
0.933648,0.883040935672515,0.938512,0.874685455460493,0.94,0.891479099678457
0.936131,0.883040935672515,0.941014,0.875691997986915,0.9425,0.891479099678457
0.938614,0.883040935672515,0.943516,0.875691997986915,0.945,0.891479099678457
0.941097,0.883040935672515,0.946018,0.876698540513337,0.9475,0.891881028938907
0.94358,0.883040935672515,0.94852,0.877201811776548,0.95,0.892684887459807
0.946063,0.884502923976608,0.951022,0.877201811776548,0.9525,0.892684887459807
0.948546,0.884502923976608,0.953524,0.877201811776548,0.955,0.893086816720257
0.951029,0.884502923976608,0.956026,0.877201811776548,0.9575,0.893488745980707
0.953512,0.884502923976608,0.958528,0.877705083039758,0.96,0.894694533762058
0.955995,0.884502923976608,0.96103,0.877705083039758,0.9625,0.895498392282958
0.958478,0.884502923976608,0.963532,0.877705083039758,0.965,0.895498392282958
0.960961,0.885964912280702,0.966034,0.878208354302969,0.9675,0.895498392282958
0.963444,0.885964912280702,0.968536,0.878208354302969,0.97,0.895900321543408
0.965927,0.885964912280702,0.971038,0.879214896829391,0.9725,0.896704180064309
0.96841,0.885964912280702,0.97354,0.879718168092602,0.975,0.897909967845659
0.970893,0.885964912280702,0.976042,0.880221439355813,0.9775,0.898311897106109
0.973376,0.885964912280702,0.978544,0.880221439355813,0.98,0.89911575562701
0.975859,0.887426900584795,0.981046,0.880724710619024,0.9825,0.89951768488746
0.978342,0.887426900584795,0.983548,0.880724710619024,0.985,0.90032154340836
0.980825,0.887426900584795,0.98605,0.880724710619024,0.9875,0.90072347266881
0.983308,0.887426900584795,0.988552,0.881227981882235,0.99,0.90072347266881
0.985791,0.887426900584795,0.991054,0.882234524408656,0.9925,0.90112540192926
0.988274,0.887426900584795,0.993556,0.882234524408656,0.995,0.901527331189711
0.990757,0.887426900584795,0.996058,0.883241066935078,0.9975,0.902331189710611
0.99324,0.888888888888889,0.99856,0.8842476094615,1,0.902733118971061
0.995723,0.888888888888889,1.001062,0.884750880724711,1.0025,0.903135048231511
0.998206,0.888888888888889,1.003564,0.884750880724711,1.005,0.903536977491961
1.000689,0.888888888888889,1.006066,0.885254151987921,1.0075,0.903938906752412
1.003172,0.888888888888889,1.008568,0.885757423251132,1.01,0.903938906752412
1.005655,0.888888888888889,1.01107,0.885757423251132,1.0125,0.903938906752412
1.008138,0.888888888888889,1.013572,0.885757423251132,1.015,0.904340836012862
1.010621,0.888888888888889,1.016074,0.885757423251132,1.0175,0.904742765273312
1.013104,0.888888888888889,1.018576,0.885757423251132,1.02,0.905144694533762
1.015587,0.888888888888889,1.021078,0.885757423251132,1.0225,0.905144694533762
1.01807,0.888888888888889,1.02358,0.885757423251132,1.025,0.905144694533762
1.020553,0.888888888888889,1.026082,0.885757423251132,1.0275,0.905546623794212
1.023036,0.888888888888889,1.028584,0.886260694514343,1.03,0.906752411575563
1.025519,0.888888888888889,1.031086,0.886260694514343,1.0325,0.906752411575563
1.028002,0.888888888888889,1.033588,0.886260694514343,1.035,0.906752411575563
1.030485,0.888888888888889,1.03609,0.887267237040765,1.0375,0.906752411575563
1.032968,0.890350877192982,1.038592,0.888273779567187,1.04,0.907556270096463
1.035451,0.890350877192982,1.041094,0.888273779567187,1.0425,0.907556270096463
1.037934,0.890350877192982,1.043596,0.888273779567187,1.045,0.908360128617363
1.040417,0.891812865497076,1.046098,0.889280322093608,1.0475,0.908360128617363
1.0429,0.891812865497076,1.0486,0.889783593356819,1.05,0.908360128617363
1.045383,0.891812865497076,1.051102,0.89028686462003,1.0525,0.908762057877814
1.047866,0.891812865497076,1.053604,0.89028686462003,1.055,0.908762057877814
1.050349,0.891812865497076,1.056106,0.89028686462003,1.0575,0.909163987138264
1.052832,0.891812865497076,1.058608,0.89028686462003,1.06,0.909163987138264
1.055315,0.891812865497076,1.06111,0.890790135883241,1.0625,0.909163987138264
1.057798,0.891812865497076,1.063612,0.890790135883241,1.065,0.909163987138264
1.060281,0.891812865497076,1.066114,0.890790135883241,1.0675,0.909163987138264
1.062764,0.891812865497076,1.068616,0.890790135883241,1.07,0.909163987138264
1.065247,0.891812865497076,1.071118,0.890790135883241,1.0725,0.909565916398714
1.06773,0.891812865497076,1.07362,0.891796678409663,1.075,0.909565916398714
1.070213,0.891812865497076,1.076122,0.891796678409663,1.0775,0.909565916398714
1.072696,0.891812865497076,1.078624,0.891796678409663,1.08,0.909565916398714
1.075179,0.891812865497076,1.081126,0.892803220936085,1.0825,0.909565916398714
1.077662,0.891812865497076,1.083628,0.894313034725717,1.085,0.909565916398714
1.080145,0.891812865497076,1.08613,0.894313034725717,1.0875,0.909565916398714
1.082628,0.891812865497076,1.088632,0.894313034725717,1.09,0.909967845659164
1.085111,0.891812865497076,1.091134,0.894816305988928,1.0925,0.910369774919614
1.087594,0.894736842105263,1.093636,0.895319577252139,1.095,0.910369774919614
1.090077,0.894736842105263,1.096138,0.896326119778561,1.0975,0.910771704180064
1.09256,0.894736842105263,1.09864,0.896326119778561,1.1,0.911173633440514
1.095043,0.894736842105263,1.101142,0.896326119778561,1.1025,0.911575562700965
1.097526,0.894736842105263,1.103644,0.896326119778561,1.105,0.911575562700965
1.100009,0.894736842105263,1.106146,0.896326119778561,1.1075,0.911977491961415
1.102492,0.894736842105263,1.108648,0.896829391041772,1.11,0.912379421221865
1.104975,0.894736842105263,1.11115,0.896829391041772,1.1125,0.912781350482315
1.107458,0.896198830409357,1.113652,0.897332662304982,1.115,0.912781350482315
1.109941,0.896198830409357,1.116154,0.897835933568193,1.1175,0.912781350482315
1.112424,0.89766081871345,1.118656,0.897835933568193,1.12,0.913183279742765
1.114907,0.899122807017544,1.121158,0.899345747357826,1.1225,0.913585209003215
1.11739,0.899122807017544,1.12366,0.899849018621037,1.125,0.913585209003215
1.119873,0.899122807017544,1.126162,0.899849018621037,1.1275,0.913585209003215
1.122356,0.899122807017544,1.128664,0.899849018621037,1.13,0.913585209003215
1.124839,0.899122807017544,1.131166,0.900352289884248,1.1325,0.913987138263666
1.127322,0.902046783625731,1.133668,0.900855561147458,1.135,0.913987138263666
1.129805,0.902046783625731,1.13617,0.901358832410669,1.1375,0.914389067524116
1.132288,0.902046783625731,1.138672,0.90186210367388,1.14,0.914389067524116
1.134771,0.902046783625731,1.141174,0.90186210367388,1.1425,0.914389067524116
1.137254,0.902046783625731,1.143676,0.90186210367388,1.145,0.914790996784566
1.139737,0.902046783625731,1.146178,0.902365374937091,1.1475,0.915996784565916
1.14222,0.902046783625731,1.14868,0.902365374937091,1.15,0.915996784565916
1.144703,0.902046783625731,1.151182,0.902365374937091,1.1525,0.915996784565916
1.147186,0.902046783625731,1.153684,0.902365374937091,1.155,0.915996784565916
1.149669,0.902046783625731,1.156186,0.902365374937091,1.1575,0.915996784565916
1.152152,0.903508771929825,1.158688,0.902365374937091,1.16,0.916398713826367
1.154635,0.903508771929825,1.16119,0.902365374937091,1.1625,0.916398713826367
1.157118,0.903508771929825,1.163692,0.902868646200302,1.165,0.917202572347267
1.159601,0.903508771929825,1.166194,0.903371917463513,1.1675,0.917202572347267
1.162084,0.903508771929825,1.168696,0.903371917463513,1.17,0.917604501607717
1.164567,0.903508771929825,1.171198,0.903371917463513,1.1725,0.918006430868167
1.16705,0.904970760233918,1.1737,0.903371917463513,1.175,0.918408360128617
1.169533,0.906432748538012,1.176202,0.903875188726724,1.1775,0.918810289389068
1.172016,0.906432748538012,1.178704,0.904378459989935,1.18,0.918810289389068
1.174499,0.906432748538012,1.181206,0.904881731253145,1.1825,0.918810289389068
1.176982,0.906432748538012,1.183708,0.905385002516356,1.185,0.918810289389068
1.179465,0.906432748538012,1.18621,0.905385002516356,1.1875,0.918810289389068
1.181948,0.906432748538012,1.188712,0.905385002516356,1.19,0.919614147909968
1.184431,0.906432748538012,1.191214,0.907901358832411,1.1925,0.919614147909968
1.186914,0.906432748538012,1.193716,0.907901358832411,1.195,0.920418006430868
1.189397,0.906432748538012,1.196218,0.907901358832411,1.1975,0.920418006430868
1.19188,0.906432748538012,1.19872,0.908404630095622,1.2,0.920418006430868
1.194363,0.906432748538012,1.201222,0.909411172622043,1.2025,0.920819935691318
1.196846,0.906432748538012,1.203724,0.909411172622043,1.205,0.921623794212219
1.199329,0.906432748538012,1.206226,0.909411172622043,1.2075,0.922025723472669
1.201812,0.906432748538012,1.208728,0.909914443885254,1.21,0.922025723472669
1.204295,0.906432748538012,1.21123,0.909914443885254,1.2125,0.922025723472669
1.206778,0.906432748538012,1.213732,0.910417715148465,1.215,0.922427652733119
1.209261,0.906432748538012,1.216234,0.910417715148465,1.2175,0.922829581993569
1.211744,0.906432748538012,1.218736,0.910920986411676,1.22,0.923231511254019
1.214227,0.906432748538012,1.221238,0.911424257674887,1.2225,0.92483922829582
1.21671,0.906432748538012,1.22374,0.911927528938098,1.225,0.92483922829582
1.219193,0.907894736842105,1.226242,0.911927528938098,1.2275,0.92564308681672
1.221676,0.907894736842105,1.228744,0.911927528938098,1.23,0.92604501607717
1.224159,0.907894736842105,1.231246,0.912430800201309,1.2325,0.92604501607717
1.226642,0.907894736842105,1.233748,0.912430800201309,1.235,0.927652733118971
1.229125,0.909356725146199,1.23625,0.912430800201309,1.2375,0.928054662379421
1.231608,0.909356725146199,1.238752,0.912430800201309,1.24,0.928054662379421
1.234091,0.910818713450292,1.241254,0.912430800201309,1.2425,0.928456591639871
1.236574,0.910818713450292,1.243756,0.912934071464519,1.245,0.928858520900322
1.239057,0.910818713450292,1.246258,0.912934071464519,1.2475,0.928858520900322
1.24154,0.910818713450292,1.24876,0.912934071464519,1.25,0.928858520900322
1.244023,0.910818713450292,1.251262,0.91343734272773,1.2525,0.929260450160772
1.246506,0.912280701754386,1.253764,0.913940613990941,1.255,0.929260450160772
1.248989,0.912280701754386,1.256266,0.913940613990941,1.2575,0.930064308681672
1.251472,0.912280701754386,1.258768,0.913940613990941,1.26,0.930064308681672
1.253955,0.91374269005848,1.26127,0.913940613990941,1.2625,0.930064308681672
1.256438,0.91374269005848,1.263772,0.914443885254152,1.265,0.930064308681672
1.258921,0.91374269005848,1.266274,0.914443885254152,1.2675,0.930064308681672
1.261404,0.91374269005848,1.268776,0.914947156517363,1.27,0.930868167202572
1.263887,0.91374269005848,1.271278,0.914947156517363,1.2725,0.930868167202572
1.26637,0.91374269005848,1.27378,0.914947156517363,1.275,0.930868167202572
1.268853,0.91374269005848,1.276282,0.914947156517363,1.2775,0.931270096463023
1.271336,0.91374269005848,1.278784,0.914947156517363,1.28,0.931270096463023
1.273819,0.91374269005848,1.281286,0.914947156517363,1.2825,0.932073954983923
1.276302,0.91374269005848,1.283788,0.915953699043785,1.285,0.932073954983923
1.278785,0.91374269005848,1.28629,0.916456970306995,1.2875,0.932073954983923
1.281268,0.91374269005848,1.288792,0.916960241570206,1.29,0.932073954983923
1.283751,0.91374269005848,1.291294,0.916960241570206,1.2925,0.932073954983923
1.286234,0.91374269005848,1.293796,0.917463512833417,1.295,0.932073954983923
1.288717,0.91374269005848,1.296298,0.917463512833417,1.2975,0.932073954983923
1.2912,0.91374269005848,1.2988,0.917966784096628,1.3,0.932073954983923
1.293683,0.91374269005848,1.301302,0.917966784096628,1.3025,0.932073954983923
1.296166,0.91374269005848,1.303804,0.918470055359839,1.305,0.932475884244373
1.298649,0.91374269005848,1.306306,0.918470055359839,1.3075,0.933279742765273
1.301132,0.915204678362573,1.308808,0.91897332662305,1.31,0.934083601286174
1.303615,0.916666666666667,1.31131,0.919476597886261,1.3125,0.934083601286174
1.306098,0.916666666666667,1.313812,0.919476597886261,1.315,0.934485530546624
1.308581,0.916666666666667,1.316314,0.919476597886261,1.3175,0.934485530546624
1.311064,0.916666666666667,1.318816,0.919476597886261,1.32,0.934485530546624
1.313547,0.916666666666667,1.321318,0.919476597886261,1.3225,0.934887459807074
1.31603,0.91812865497076,1.32382,0.919476597886261,1.325,0.934887459807074
1.318513,0.91812865497076,1.326322,0.919979869149472,1.3275,0.934887459807074
1.320996,0.91812865497076,1.328824,0.920986411675893,1.33,0.935289389067524
1.323479,0.919590643274854,1.331326,0.920986411675893,1.3325,0.935289389067524
1.325962,0.919590643274854,1.333828,0.921489682939104,1.335,0.935289389067524
1.328445,0.919590643274854,1.33633,0.921489682939104,1.3375,0.935691318327974
1.330928,0.919590643274854,1.338832,0.921489682939104,1.34,0.935691318327974
1.333411,0.919590643274854,1.341334,0.921992954202315,1.3425,0.936093247588424
1.335894,0.919590643274854,1.343836,0.921992954202315,1.345,0.936093247588424
1.338377,0.919590643274854,1.346338,0.921992954202315,1.3475,0.936093247588424
1.34086,0.919590643274854,1.34884,0.921992954202315,1.35,0.936897106109325
1.343343,0.919590643274854,1.351342,0.921992954202315,1.3525,0.937700964630225
1.345826,0.919590643274854,1.353844,0.921992954202315,1.355,0.938102893890675
1.348309,0.919590643274854,1.356346,0.921992954202315,1.3575,0.938102893890675
1.350792,0.919590643274854,1.358848,0.922496225465526,1.36,0.938504823151125
1.353275,0.919590643274854,1.36135,0.922496225465526,1.3625,0.938906752411576
1.355758,0.919590643274854,1.363852,0.922999496728737,1.365,0.939308681672026
1.358241,0.919590643274854,1.366354,0.922999496728737,1.3675,0.939308681672026
1.360724,0.919590643274854,1.368856,0.923502767991948,1.37,0.939308681672026
1.363207,0.919590643274854,1.371358,0.924006039255159,1.3725,0.939710610932476
1.36569,0.919590643274854,1.37386,0.924006039255159,1.375,0.940112540192926
1.368173,0.919590643274854,1.376362,0.924006039255159,1.3775,0.940112540192926
1.370656,0.921052631578947,1.378864,0.924509310518369,1.38,0.940514469453376
1.373139,0.921052631578947,1.381366,0.924509310518369,1.3825,0.940514469453376
1.375622,0.921052631578947,1.383868,0.92501258178158,1.385,0.941318327974277
1.378105,0.921052631578947,1.38637,0.925515853044791,1.3875,0.941318327974277
1.380588,0.921052631578947,1.388872,0.926019124308002,1.39,0.941720257234727
1.383071,0.921052631578947,1.391374,0.926019124308002,1.3925,0.942524115755627
1.385554,0.921052631578947,1.393876,0.926019124308002,1.395,0.942524115755627
1.388037,0.921052631578947,1.396378,0.926019124308002,1.3975,0.942524115755627
1.39052,0.921052631578947,1.39888,0.926522395571213,1.4,0.942524115755627
1.393003,0.921052631578947,1.401382,0.926522395571213,1.4025,0.942524115755627
1.395486,0.921052631578947,1.403884,0.926522395571213,1.405,0.943327974276527
1.397969,0.921052631578947,1.406386,0.926522395571213,1.4075,0.943327974276527
1.400452,0.921052631578947,1.408888,0.927528938097635,1.41,0.943729903536977
1.402935,0.921052631578947,1.41139,0.927528938097635,1.4125,0.943729903536977
1.405418,0.923976608187134,1.413892,0.928032209360846,1.415,0.944533762057878
1.407901,0.923976608187134,1.416394,0.928535480624056,1.4175,0.944935691318328
1.410384,0.923976608187134,1.418896,0.928535480624056,1.42,0.944935691318328
1.412867,0.925438596491228,1.421398,0.928535480624056,1.4225,0.945337620578778
1.41535,0.925438596491228,1.4239,0.929038751887267,1.425,0.945739549839228
1.417833,0.925438596491228,1.426402,0.929542023150478,1.4275,0.946141479099678
1.420316,0.925438596491228,1.428904,0.929542023150478,1.43,0.946141479099678
1.422799,0.925438596491228,1.431406,0.929542023150478,1.4325,0.946543408360129
1.425282,0.925438596491228,1.433908,0.930045294413689,1.435,0.946543408360129
1.427765,0.925438596491228,1.43641,0.930045294413689,1.4375,0.946945337620579
1.430248,0.925438596491228,1.438912,0.930045294413689,1.44,0.946945337620579
1.432731,0.925438596491228,1.441414,0.930045294413689,1.4425,0.946945337620579
1.435214,0.925438596491228,1.443916,0.930045294413689,1.445,0.946945337620579
1.437697,0.926900584795322,1.446418,0.930045294413689,1.4475,0.947749196141479
1.44018,0.926900584795322,1.44892,0.9305485656769,1.45,0.948553054662379
1.442663,0.926900584795322,1.451422,0.9305485656769,1.4525,0.94935691318328
1.445146,0.926900584795322,1.453924,0.931555108203322,1.455,0.94935691318328
1.447629,0.926900584795322,1.456426,0.931555108203322,1.4575,0.94935691318328
1.450112,0.926900584795322,1.458928,0.932058379466532,1.46,0.94935691318328
1.452595,0.928362573099415,1.46143,0.932058379466532,1.4625,0.94935691318328
1.455078,0.928362573099415,1.463932,0.933064921992954,1.465,0.94935691318328
1.457561,0.929824561403509,1.466434,0.933568193256165,1.4675,0.94975884244373
1.460044,0.931286549707602,1.468936,0.934071464519376,1.47,0.94975884244373
1.462527,0.932748538011696,1.471438,0.934071464519376,1.4725,0.94975884244373
1.46501,0.932748538011696,1.47394,0.934071464519376,1.475,0.94975884244373
1.467493,0.932748538011696,1.476442,0.934071464519376,1.4775,0.94975884244373
1.469976,0.932748538011696,1.478944,0.934071464519376,1.48,0.94975884244373
1.472459,0.934210526315789,1.481446,0.934071464519376,1.4825,0.94975884244373
1.474942,0.934210526315789,1.483948,0.934071464519376,1.485,0.95016077170418
1.477425,0.935672514619883,1.48645,0.934574735782587,1.4875,0.95056270096463
1.479908,0.937134502923977,1.488952,0.934574735782587,1.49,0.95096463022508
1.482391,0.937134502923977,1.491454,0.934574735782587,1.4925,0.95096463022508
1.484874,0.937134502923977,1.493956,0.934574735782587,1.495,0.95096463022508
1.487357,0.937134502923977,1.496458,0.934574735782587,1.4975,0.951366559485531
1.48984,0.937134502923977,1.49896,0.935078007045798,1.5,0.951768488745981
1.492323,0.937134502923977,1.501462,0.935078007045798,1.5025,0.951768488745981
1.494806,0.93859649122807,1.503964,0.935581278309009,1.505,0.952170418006431
1.497289,0.93859649122807,1.506466,0.935581278309009,1.5075,0.952170418006431
1.499772,0.93859649122807,1.508968,0.935581278309009,1.51,0.952170418006431
1.502255,0.940058479532164,1.51147,0.936084549572219,1.5125,0.952170418006431
1.504738,0.940058479532164,1.513972,0.936084549572219,1.515,0.953376205787781
1.507221,0.940058479532164,1.516474,0.936084549572219,1.5175,0.953376205787781
1.509704,0.940058479532164,1.518976,0.936084549572219,1.52,0.953376205787781
1.512187,0.940058479532164,1.521478,0.93658782083543,1.5225,0.953376205787781
1.51467,0.942982456140351,1.52398,0.937594363361852,1.525,0.953376205787781
1.517153,0.942982456140351,1.526482,0.937594363361852,1.5275,0.953778135048232
1.519636,0.942982456140351,1.528984,0.937594363361852,1.53,0.954581993569132
1.522119,0.942982456140351,1.531486,0.938097634625063,1.5325,0.954983922829582
1.524602,0.944444444444444,1.533988,0.938600905888274,1.535,0.955385852090032
1.527085,0.944444444444444,1.53649,0.938600905888274,1.5375,0.955787781350482
1.529568,0.944444444444444,1.538992,0.939607448414696,1.54,0.955787781350482
1.532051,0.944444444444444,1.541494,0.939607448414696,1.5425,0.955787781350482
1.534534,0.944444444444444,1.543996,0.939607448414696,1.545,0.955787781350482
1.537017,0.944444444444444,1.546498,0.939607448414696,1.5475,0.956189710610932
1.5395,0.944444444444444,1.549,0.940110719677906,1.55,0.956993569131833
1.541983,0.947368421052632,1.551502,0.940110719677906,1.5525,0.957395498392283
1.544466,0.947368421052632,1.554004,0.940613990941117,1.555,0.957395498392283
1.546949,0.947368421052632,1.556506,0.940613990941117,1.5575,0.957797427652733
1.549432,0.947368421052632,1.559008,0.940613990941117,1.56,0.957797427652733
1.551915,0.947368421052632,1.56151,0.940613990941117,1.5625,0.957797427652733
1.554398,0.947368421052632,1.564012,0.941117262204328,1.565,0.957797427652733
1.556881,0.948830409356725,1.566514,0.941620533467539,1.5675,0.958199356913183
1.559364,0.948830409356725,1.569016,0.941620533467539,1.57,0.959003215434084
1.561847,0.948830409356725,1.571518,0.943130347257172,1.5725,0.959405144694534
1.56433,0.948830409356725,1.57402,0.943130347257172,1.575,0.959405144694534
1.566813,0.948830409356725,1.576522,0.943130347257172,1.5775,0.960209003215434
1.569296,0.948830409356725,1.579024,0.944136889783593,1.58,0.960610932475884
1.571779,0.948830409356725,1.581526,0.944640161046804,1.5825,0.960610932475884
1.574262,0.948830409356725,1.584028,0.945646703573226,1.585,0.960610932475884
1.576745,0.948830409356725,1.58653,0.945646703573226,1.5875,0.961414790996785
1.579228,0.948830409356725,1.589032,0.945646703573226,1.59,0.962218649517685
1.581711,0.948830409356725,1.591534,0.945646703573226,1.5925,0.962620578778135
1.584194,0.948830409356725,1.594036,0.946653246099648,1.595,0.962620578778135
1.586677,0.948830409356725,1.596538,0.946653246099648,1.5975,0.962620578778135
1.58916,0.948830409356725,1.59904,0.94816305988928,1.6,0.963826366559486
1.591643,0.948830409356725,1.601542,0.948666331152491,1.6025,0.964630225080386
1.594126,0.948830409356725,1.604044,0.949169602415702,1.605,0.964630225080386
1.596609,0.948830409356725,1.606546,0.949169602415702,1.6075,0.965032154340836
1.599092,0.948830409356725,1.609048,0.949169602415702,1.61,0.965032154340836
1.601575,0.948830409356725,1.61155,0.949672873678913,1.6125,0.965032154340836
1.604058,0.948830409356725,1.614052,0.949672873678913,1.615,0.965032154340836
1.606541,0.948830409356725,1.616554,0.949672873678913,1.6175,0.965032154340836
1.609024,0.950292397660819,1.619056,0.949672873678913,1.62,0.965032154340836
1.611507,0.950292397660819,1.621558,0.949672873678913,1.6225,0.965032154340836
1.61399,0.950292397660819,1.62406,0.949672873678913,1.625,0.965032154340836
1.616473,0.950292397660819,1.626562,0.949672873678913,1.6275,0.965434083601286
1.618956,0.950292397660819,1.629064,0.949672873678913,1.63,0.965434083601286
1.621439,0.950292397660819,1.631566,0.949672873678913,1.6325,0.965434083601286
1.623922,0.950292397660819,1.634068,0.949672873678913,1.635,0.965434083601286
1.626405,0.950292397660819,1.63657,0.949672873678913,1.6375,0.965434083601286
1.628888,0.950292397660819,1.639072,0.950176144942124,1.64,0.965434083601286
1.631371,0.950292397660819,1.641574,0.950176144942124,1.6425,0.965434083601286
1.633854,0.950292397660819,1.644076,0.950176144942124,1.645,0.965434083601286
1.636337,0.950292397660819,1.646578,0.950679416205335,1.6475,0.965434083601286
1.63882,0.950292397660819,1.64908,0.950679416205335,1.65,0.965434083601286
1.641303,0.950292397660819,1.651582,0.950679416205335,1.6525,0.965836012861736
1.643786,0.950292397660819,1.654084,0.950679416205335,1.655,0.965836012861736
1.646269,0.950292397660819,1.656586,0.950679416205335,1.6575,0.965836012861736
1.648752,0.950292397660819,1.659088,0.951182687468546,1.66,0.965836012861736
1.651235,0.950292397660819,1.66159,0.951182687468546,1.6625,0.966639871382637
1.653718,0.950292397660819,1.664092,0.951685958731756,1.665,0.966639871382637
1.656201,0.950292397660819,1.666594,0.951685958731756,1.6675,0.966639871382637
1.658684,0.950292397660819,1.669096,0.951685958731756,1.67,0.966639871382637
1.661167,0.950292397660819,1.671598,0.951685958731756,1.6725,0.966639871382637
1.66365,0.950292397660819,1.6741,0.951685958731756,1.675,0.966639871382637
1.666133,0.950292397660819,1.676602,0.952189229994967,1.6775,0.966639871382637
1.668616,0.950292397660819,1.679104,0.952189229994967,1.68,0.966639871382637
1.671099,0.950292397660819,1.681606,0.952189229994967,1.6825,0.966639871382637
1.673582,0.950292397660819,1.684108,0.952189229994967,1.685,0.966639871382637
1.676065,0.950292397660819,1.68661,0.952189229994967,1.6875,0.966639871382637
1.678548,0.950292397660819,1.689112,0.952692501258178,1.69,0.967041800643087
1.681031,0.950292397660819,1.691614,0.952692501258178,1.6925,0.967041800643087
1.683514,0.950292397660819,1.694116,0.952692501258178,1.695,0.967041800643087
1.685997,0.950292397660819,1.696618,0.952692501258178,1.6975,0.967041800643087
1.68848,0.950292397660819,1.69912,0.952692501258178,1.7,0.967041800643087
1.690963,0.950292397660819,1.701622,0.952692501258178,1.7025,0.967041800643087
1.693446,0.950292397660819,1.704124,0.952692501258178,1.705,0.967443729903537
1.695929,0.950292397660819,1.706626,0.952692501258178,1.7075,0.967443729903537
1.698412,0.950292397660819,1.709128,0.952692501258178,1.71,0.967443729903537
1.700895,0.950292397660819,1.71163,0.952692501258178,1.7125,0.967845659163987
1.703378,0.950292397660819,1.714132,0.952692501258178,1.715,0.967845659163987
1.705861,0.950292397660819,1.716634,0.952692501258178,1.7175,0.967845659163987
1.708344,0.951754385964912,1.719136,0.952692501258178,1.72,0.967845659163987
1.710827,0.953216374269006,1.721638,0.953195772521389,1.7225,0.967845659163987
1.71331,0.953216374269006,1.72414,0.953195772521389,1.725,0.967845659163987
1.715793,0.953216374269006,1.726642,0.953195772521389,1.7275,0.968247588424437
1.718276,0.953216374269006,1.729144,0.953195772521389,1.73,0.968247588424437
1.720759,0.953216374269006,1.731646,0.9536990437846,1.7325,0.968247588424437
1.723242,0.953216374269006,1.734148,0.9536990437846,1.735,0.968247588424437
1.725725,0.953216374269006,1.73665,0.9536990437846,1.7375,0.968247588424437
1.728208,0.953216374269006,1.739152,0.9536990437846,1.74,0.968247588424437
1.730691,0.953216374269006,1.741654,0.9536990437846,1.7425,0.968649517684887
1.733174,0.953216374269006,1.744156,0.9536990437846,1.745,0.969051446945338
1.735657,0.953216374269006,1.746658,0.9536990437846,1.7475,0.969051446945338
1.73814,0.953216374269006,1.74916,0.9536990437846,1.75,0.969051446945338
1.740623,0.953216374269006,1.751662,0.9536990437846,1.7525,0.969453376205788
1.743106,0.953216374269006,1.754164,0.9536990437846,1.755,0.969453376205788
1.745589,0.953216374269006,1.756666,0.9536990437846,1.7575,0.969855305466238
1.748072,0.953216374269006,1.759168,0.9536990437846,1.76,0.969855305466238
1.750555,0.953216374269006,1.76167,0.954202315047811,1.7625,0.970257234726688
1.753038,0.953216374269006,1.764172,0.954202315047811,1.765,0.970257234726688
1.755521,0.954678362573099,1.766674,0.954202315047811,1.7675,0.970257234726688
1.758004,0.954678362573099,1.769176,0.954202315047811,1.77,0.970257234726688
1.760487,0.954678362573099,1.771678,0.954202315047811,1.7725,0.970257234726688
1.76297,0.954678362573099,1.77418,0.954202315047811,1.775,0.970659163987138
1.765453,0.954678362573099,1.776682,0.954202315047811,1.7775,0.970659163987138
1.767936,0.954678362573099,1.779184,0.954202315047811,1.78,0.971463022508039
1.770419,0.954678362573099,1.781686,0.954202315047811,1.7825,0.971463022508039
1.772902,0.954678362573099,1.784188,0.954202315047811,1.785,0.971463022508039
1.775385,0.956140350877193,1.78669,0.954202315047811,1.7875,0.971463022508039
1.777868,0.956140350877193,1.789192,0.954202315047811,1.79,0.971864951768489
1.780351,0.956140350877193,1.791694,0.954202315047811,1.7925,0.971864951768489
1.782834,0.956140350877193,1.794196,0.954202315047811,1.795,0.971864951768489
1.785317,0.956140350877193,1.796698,0.954705586311022,1.7975,0.971864951768489
1.7878,0.956140350877193,1.7992,0.954705586311022,1.8,0.971864951768489
1.790283,0.956140350877193,1.801702,0.954705586311022,1.8025,0.971864951768489
1.792766,0.956140350877193,1.804204,0.954705586311022,1.805,0.971864951768489
1.795249,0.956140350877193,1.806706,0.954705586311022,1.8075,0.971864951768489
1.797732,0.956140350877193,1.809208,0.954705586311022,1.81,0.971864951768489
1.800215,0.956140350877193,1.81171,0.954705586311022,1.8125,0.971864951768489
1.802698,0.956140350877193,1.814212,0.954705586311022,1.815,0.971864951768489
1.805181,0.956140350877193,1.816714,0.954705586311022,1.8175,0.971864951768489
1.807664,0.956140350877193,1.819216,0.954705586311022,1.82,0.971864951768489
1.810147,0.956140350877193,1.821718,0.954705586311022,1.8225,0.971864951768489
1.81263,0.956140350877193,1.82422,0.954705586311022,1.825,0.972266881028939
1.815113,0.956140350877193,1.826722,0.954705586311022,1.8275,0.972266881028939
1.817596,0.956140350877193,1.829224,0.954705586311022,1.83,0.972266881028939
1.820079,0.957602339181287,1.831726,0.954705586311022,1.8325,0.972266881028939
1.822562,0.957602339181287,1.834228,0.954705586311022,1.835,0.972668810289389
1.825045,0.957602339181287,1.83673,0.954705586311022,1.8375,0.972668810289389
1.827528,0.957602339181287,1.839232,0.954705586311022,1.84,0.972668810289389
1.830011,0.957602339181287,1.841734,0.954705586311022,1.8425,0.972668810289389
1.832494,0.957602339181287,1.844236,0.954705586311022,1.845,0.972668810289389
1.834977,0.957602339181287,1.846738,0.954705586311022,1.8475,0.972668810289389
1.83746,0.95906432748538,1.84924,0.954705586311022,1.85,0.973070739549839
1.839943,0.960526315789474,1.851742,0.954705586311022,1.8525,0.973070739549839
1.842426,0.960526315789474,1.854244,0.954705586311022,1.855,0.973070739549839
1.844909,0.960526315789474,1.856746,0.954705586311022,1.8575,0.973070739549839
1.847392,0.960526315789474,1.859248,0.954705586311022,1.86,0.973070739549839
1.849875,0.960526315789474,1.86175,0.954705586311022,1.8625,0.973070739549839
1.852358,0.960526315789474,1.864252,0.954705586311022,1.865,0.973472668810289
1.854841,0.960526315789474,1.866754,0.954705586311022,1.8675,0.973472668810289
1.857324,0.960526315789474,1.869256,0.954705586311022,1.87,0.973472668810289
1.859807,0.960526315789474,1.871758,0.954705586311022,1.8725,0.973472668810289
1.86229,0.960526315789474,1.87426,0.954705586311022,1.875,0.973472668810289
1.864773,0.960526315789474,1.876762,0.954705586311022,1.8775,0.973472668810289
1.867256,0.961988304093567,1.879264,0.954705586311022,1.88,0.97387459807074
1.869739,0.961988304093567,1.881766,0.954705586311022,1.8825,0.97387459807074
1.872222,0.961988304093567,1.884268,0.954705586311022,1.885,0.97387459807074
1.874705,0.961988304093567,1.88677,0.954705586311022,1.8875,0.97387459807074
1.877188,0.961988304093567,1.889272,0.954705586311022,1.89,0.97387459807074
1.879671,0.961988304093567,1.891774,0.954705586311022,1.8925,0.97387459807074
1.882154,0.961988304093567,1.894276,0.954705586311022,1.895,0.97387459807074
1.884637,0.961988304093567,1.896778,0.955208857574232,1.8975,0.97387459807074
1.88712,0.961988304093567,1.89928,0.955208857574232,1.9,0.97387459807074
1.889603,0.961988304093567,1.901782,0.955208857574232,1.9025,0.97387459807074
1.892086,0.961988304093567,1.904284,0.955208857574232,1.905,0.97387459807074
1.894569,0.961988304093567,1.906786,0.955208857574232,1.9075,0.97387459807074
1.897052,0.961988304093567,1.909288,0.955208857574232,1.91,0.97387459807074
1.899535,0.961988304093567,1.91179,0.955208857574232,1.9125,0.97387459807074
1.902018,0.961988304093567,1.914292,0.955712128837443,1.915,0.97387459807074
1.904501,0.961988304093567,1.916794,0.955712128837443,1.9175,0.97387459807074
1.906984,0.961988304093567,1.919296,0.955712128837443,1.92,0.97387459807074
1.909467,0.961988304093567,1.921798,0.956215400100654,1.9225,0.97387459807074
1.91195,0.961988304093567,1.9243,0.956215400100654,1.925,0.97387459807074
1.914433,0.961988304093567,1.926802,0.956215400100654,1.9275,0.97387459807074
1.916916,0.961988304093567,1.929304,0.956215400100654,1.93,0.97387459807074
1.919399,0.961988304093567,1.931806,0.956215400100654,1.9325,0.97387459807074
1.921882,0.961988304093567,1.934308,0.956215400100654,1.935,0.97387459807074
1.924365,0.961988304093567,1.93681,0.956718671363865,1.9375,0.97387459807074
1.926848,0.961988304093567,1.939312,0.957725213890287,1.94,0.97387459807074
1.929331,0.961988304093567,1.941814,0.957725213890287,1.9425,0.97387459807074
1.931814,0.961988304093567,1.944316,0.957725213890287,1.945,0.97387459807074
1.934297,0.961988304093567,1.946818,0.957725213890287,1.9475,0.97427652733119
1.93678,0.961988304093567,1.94932,0.957725213890287,1.95,0.97427652733119
1.939263,0.961988304093567,1.951822,0.957725213890287,1.9525,0.97467845659164
1.941746,0.961988304093567,1.954324,0.958228485153498,1.955,0.97467845659164
1.944229,0.961988304093567,1.956826,0.958228485153498,1.9575,0.97467845659164
1.946712,0.961988304093567,1.959328,0.958228485153498,1.96,0.97467845659164
1.949195,0.961988304093567,1.96183,0.958228485153498,1.9625,0.97467845659164
1.951678,0.961988304093567,1.964332,0.958228485153498,1.965,0.97508038585209
1.954161,0.961988304093567,1.966834,0.958731756416709,1.9675,0.97508038585209
1.956644,0.963450292397661,1.969336,0.958731756416709,1.97,0.97508038585209
1.959127,0.963450292397661,1.971838,0.958731756416709,1.9725,0.97508038585209
1.96161,0.963450292397661,1.97434,0.958731756416709,1.975,0.97508038585209
1.964093,0.963450292397661,1.976842,0.95923502767992,1.9775,0.97508038585209
1.966576,0.963450292397661,1.979344,0.95973829894313,1.98,0.97508038585209
1.969059,0.963450292397661,1.981846,0.95973829894313,1.9825,0.97508038585209
1.971542,0.963450292397661,1.984348,0.95973829894313,1.985,0.97548231511254
1.974025,0.963450292397661,1.98685,0.95973829894313,1.9875,0.97548231511254
1.976508,0.963450292397661,1.989352,0.960241570206341,1.99,0.97548231511254
1.978991,0.964912280701754,1.991854,0.960241570206341,1.9925,0.97548231511254
1.981474,0.964912280701754,1.994356,0.960241570206341,1.995,0.97548231511254
1.983957,0.964912280701754,1.996858,0.960241570206341,1.9975,0.97548231511254
1.98644,0.964912280701754,1.99936,0.960241570206341,2,0.97548231511254
1.988923,0.964912280701754,2.001862,0.960241570206341,2.0025,0.97588424437299
1.991406,0.964912280701754,2.004364,0.960241570206341,2.005,0.97588424437299
1.993889,0.966374269005848,2.006866,0.960744841469552,2.0075,0.97588424437299
1.996372,0.966374269005848,2.009368,0.960744841469552,2.01,0.976286173633441
1.998855,0.966374269005848,2.01187,0.960744841469552,2.0125,0.976286173633441
2.001338,0.966374269005848,2.014372,0.961248112732763,2.015,0.976286173633441
2.003821,0.966374269005848,2.016874,0.961248112732763,2.0175,0.976688102893891
2.006304,0.966374269005848,2.019376,0.961751383995974,2.02,0.977090032154341
2.008787,0.967836257309941,2.021878,0.961751383995974,2.0225,0.977090032154341
2.01127,0.967836257309941,2.02438,0.961751383995974,2.025,0.977491961414791
2.013753,0.967836257309941,2.026882,0.961751383995974,2.0275,0.977491961414791
2.016236,0.967836257309941,2.029384,0.961751383995974,2.03,0.977491961414791
2.018719,0.967836257309941,2.031886,0.961751383995974,2.0325,0.977893890675241
2.021202,0.967836257309941,2.034388,0.961751383995974,2.035,0.977893890675241
2.023685,0.967836257309941,2.03689,0.961751383995974,2.0375,0.977893890675241
2.026168,0.967836257309941,2.039392,0.962254655259185,2.04,0.977893890675241
2.028651,0.967836257309941,2.041894,0.962757926522396,2.0425,0.977893890675241
2.031134,0.967836257309941,2.044396,0.962757926522396,2.045,0.977893890675241
2.033617,0.967836257309941,2.046898,0.962757926522396,2.0475,0.977893890675241
2.0361,0.967836257309941,2.0494,0.963261197785606,2.05,0.977893890675241
2.038583,0.967836257309941,2.051902,0.963764469048817,2.0525,0.977893890675241
2.041066,0.967836257309941,2.054404,0.963764469048817,2.055,0.977893890675241
2.043549,0.967836257309941,2.056906,0.963764469048817,2.0575,0.977893890675241
2.046032,0.967836257309941,2.059408,0.963764469048817,2.06,0.977893890675241
2.048515,0.967836257309941,2.06191,0.963764469048817,2.0625,0.977893890675241
2.050998,0.967836257309941,2.064412,0.963764469048817,2.065,0.978295819935691
2.053481,0.967836257309941,2.066914,0.963764469048817,2.0675,0.978295819935691
2.055964,0.967836257309941,2.069416,0.963764469048817,2.07,0.978697749196141
2.058447,0.967836257309941,2.071918,0.963764469048817,2.0725,0.978697749196141
2.06093,0.967836257309941,2.07442,0.963764469048817,2.075,0.979501607717042
2.063413,0.967836257309941,2.076922,0.964267740312028,2.0775,0.979501607717042
2.065896,0.967836257309941,2.079424,0.964267740312028,2.08,0.979501607717042
2.068379,0.967836257309941,2.081926,0.964771011575239,2.0825,0.979501607717042
2.070862,0.967836257309941,2.084428,0.964771011575239,2.085,0.979501607717042
2.073345,0.967836257309941,2.08693,0.964771011575239,2.0875,0.979501607717042
2.075828,0.967836257309941,2.089432,0.964771011575239,2.09,0.979501607717042
2.078311,0.967836257309941,2.091934,0.964771011575239,2.0925,0.979501607717042
2.080794,0.967836257309941,2.094436,0.964771011575239,2.095,0.979501607717042
2.083277,0.967836257309941,2.096938,0.964771011575239,2.0975,0.979501607717042
2.08576,0.967836257309941,2.09944,0.964771011575239,2.1,0.979501607717042
2.088243,0.967836257309941,2.101942,0.964771011575239,2.1025,0.979501607717042
2.090726,0.967836257309941,2.104444,0.96527428283845,2.105,0.979501607717042
2.093209,0.967836257309941,2.106946,0.96527428283845,2.1075,0.979501607717042
2.095692,0.967836257309941,2.109448,0.96527428283845,2.11,0.979501607717042
2.098175,0.967836257309941,2.11195,0.96527428283845,2.1125,0.979501607717042
2.100658,0.967836257309941,2.114452,0.96527428283845,2.115,0.979501607717042
2.103141,0.967836257309941,2.116954,0.96527428283845,2.1175,0.979501607717042
2.105624,0.967836257309941,2.119456,0.96527428283845,2.12,0.979501607717042
2.108107,0.967836257309941,2.121958,0.96527428283845,2.1225,0.979501607717042
2.11059,0.967836257309941,2.12446,0.96527428283845,2.125,0.979501607717042
2.113073,0.967836257309941,2.126962,0.96527428283845,2.1275,0.979501607717042
2.115556,0.967836257309941,2.129464,0.96527428283845,2.13,0.979903536977492
2.118039,0.967836257309941,2.131966,0.965777554101661,2.1325,0.979903536977492
2.120522,0.967836257309941,2.134468,0.965777554101661,2.135,0.980305466237942
2.123005,0.967836257309941,2.13697,0.965777554101661,2.1375,0.980305466237942
2.125488,0.967836257309941,2.139472,0.965777554101661,2.14,0.980305466237942
2.127971,0.967836257309941,2.141974,0.966280825364872,2.1425,0.980305466237942
2.130454,0.967836257309941,2.144476,0.966280825364872,2.145,0.980305466237942
2.132937,0.967836257309941,2.146978,0.966280825364872,2.1475,0.980305466237942
2.13542,0.967836257309941,2.14948,0.966280825364872,2.15,0.980305466237942
2.137903,0.970760233918129,2.151982,0.966280825364872,2.1525,0.981109324758842
2.140386,0.970760233918129,2.154484,0.966280825364872,2.155,0.981109324758842
2.142869,0.970760233918129,2.156986,0.966280825364872,2.1575,0.981109324758842
2.145352,0.970760233918129,2.159488,0.966784096628083,2.16,0.981109324758842
2.147835,0.970760233918129,2.16199,0.966784096628083,2.1625,0.981109324758842
2.150318,0.970760233918129,2.164492,0.966784096628083,2.165,0.981109324758842
2.152801,0.970760233918129,2.166994,0.966784096628083,2.1675,0.981109324758842
2.155284,0.970760233918129,2.169496,0.966784096628083,2.17,0.981109324758842
2.157767,0.970760233918129,2.171998,0.967287367891293,2.1725,0.981109324758842
2.16025,0.970760233918129,2.1745,0.967287367891293,2.175,0.981109324758842
2.162733,0.970760233918129,2.177002,0.967287367891293,2.1775,0.981109324758842
2.165216,0.970760233918129,2.179504,0.967790639154504,2.18,0.981109324758842
2.167699,0.970760233918129,2.182006,0.967790639154504,2.1825,0.981109324758842
2.170182,0.970760233918129,2.184508,0.968293910417715,2.185,0.981109324758842
2.172665,0.970760233918129,2.18701,0.968293910417715,2.1875,0.981109324758842
2.175148,0.970760233918129,2.189512,0.968293910417715,2.19,0.981109324758842
2.177631,0.970760233918129,2.192014,0.968293910417715,2.1925,0.981511254019293
2.180114,0.970760233918129,2.194516,0.968293910417715,2.195,0.981511254019293
2.182597,0.970760233918129,2.197018,0.968293910417715,2.1975,0.981511254019293
2.18508,0.970760233918129,2.19952,0.968293910417715,2.2,0.981511254019293
2.187563,0.970760233918129,2.202022,0.968293910417715,2.2025,0.981511254019293
2.190046,0.970760233918129,2.204524,0.968293910417715,2.205,0.981511254019293
2.192529,0.970760233918129,2.207026,0.968797181680926,2.2075,0.981511254019293
2.195012,0.970760233918129,2.209528,0.968797181680926,2.21,0.981913183279743
2.197495,0.970760233918129,2.21203,0.968797181680926,2.2125,0.981913183279743
2.199978,0.970760233918129,2.214532,0.968797181680926,2.215,0.981913183279743
2.202461,0.972222222222222,2.217034,0.969300452944137,2.2175,0.981913183279743
2.204944,0.972222222222222,2.219536,0.969300452944137,2.22,0.981913183279743
2.207427,0.972222222222222,2.222038,0.969300452944137,2.2225,0.981913183279743
2.20991,0.972222222222222,2.22454,0.969300452944137,2.225,0.981913183279743
2.212393,0.972222222222222,2.227042,0.969300452944137,2.2275,0.981913183279743
2.214876,0.972222222222222,2.229544,0.969300452944137,2.23,0.981913183279743
2.217359,0.972222222222222,2.232046,0.969300452944137,2.2325,0.981913183279743
2.219842,0.972222222222222,2.234548,0.969803724207348,2.235,0.981913183279743
2.222325,0.972222222222222,2.23705,0.969803724207348,2.2375,0.981913183279743
2.224808,0.972222222222222,2.239552,0.969803724207348,2.24,0.982315112540193
2.227291,0.972222222222222,2.242054,0.969803724207348,2.2425,0.982315112540193
2.229774,0.972222222222222,2.244556,0.970306995470559,2.245,0.982315112540193
2.232257,0.972222222222222,2.247058,0.970306995470559,2.2475,0.982315112540193
2.23474,0.972222222222222,2.24956,0.970306995470559,2.25,0.982315112540193
2.237223,0.972222222222222,2.252062,0.970306995470559,2.2525,0.982717041800643
2.239706,0.972222222222222,2.254564,0.970306995470559,2.255,0.982717041800643
2.242189,0.972222222222222,2.257066,0.970306995470559,2.2575,0.982717041800643
2.244672,0.972222222222222,2.259568,0.970306995470559,2.26,0.982717041800643
2.247155,0.972222222222222,2.26207,0.970810266733769,2.2625,0.982717041800643
2.249638,0.972222222222222,2.264572,0.97131353799698,2.265,0.982717041800643
2.252121,0.972222222222222,2.267074,0.971816809260191,2.2675,0.982717041800643
2.254604,0.972222222222222,2.269576,0.971816809260191,2.27,0.983118971061093
2.257087,0.972222222222222,2.272078,0.971816809260191,2.2725,0.983118971061093
2.25957,0.972222222222222,2.27458,0.971816809260191,2.275,0.983118971061093
2.262053,0.972222222222222,2.277082,0.971816809260191,2.2775,0.983520900321543
2.264536,0.972222222222222,2.279584,0.971816809260191,2.28,0.983520900321543
2.267019,0.972222222222222,2.282086,0.971816809260191,2.2825,0.983520900321543
2.269502,0.972222222222222,2.284588,0.971816809260191,2.285,0.983520900321543
2.271985,0.972222222222222,2.28709,0.971816809260191,2.2875,0.983520900321543
2.274468,0.972222222222222,2.289592,0.971816809260191,2.29,0.983520900321543
2.276951,0.972222222222222,2.292094,0.971816809260191,2.2925,0.983520900321543
2.279434,0.972222222222222,2.294596,0.972320080523402,2.295,0.983520900321543
2.281917,0.972222222222222,2.297098,0.972320080523402,2.2975,0.983520900321543
2.2844,0.972222222222222,2.2996,0.972823351786613,2.3,0.983520900321543
2.286883,0.973684210526316,2.302102,0.972823351786613,2.3025,0.983520900321543
2.289366,0.973684210526316,2.304604,0.972823351786613,2.305,0.983520900321543
2.291849,0.973684210526316,2.307106,0.972823351786613,2.3075,0.983520900321543
2.294332,0.973684210526316,2.309608,0.973326623049824,2.31,0.983520900321543
2.296815,0.973684210526316,2.31211,0.973326623049824,2.3125,0.983520900321543
2.299298,0.973684210526316,2.314612,0.973326623049824,2.315,0.983520900321543
2.301781,0.973684210526316,2.317114,0.973326623049824,2.3175,0.983520900321543
2.304264,0.973684210526316,2.319616,0.973326623049824,2.32,0.983520900321543
2.306747,0.973684210526316,2.322118,0.973829894313035,2.3225,0.983520900321543
2.30923,0.973684210526316,2.32462,0.974333165576246,2.325,0.983520900321543
2.311713,0.973684210526316,2.327122,0.974333165576246,2.3275,0.983520900321543
2.314196,0.973684210526316,2.329624,0.974333165576246,2.33,0.983520900321543
2.316679,0.973684210526316,2.332126,0.974333165576246,2.3325,0.983520900321543
2.319162,0.973684210526316,2.334628,0.974333165576246,2.335,0.983520900321543
2.321645,0.975146198830409,2.33713,0.974333165576246,2.3375,0.983520900321543
2.324128,0.975146198830409,2.339632,0.974333165576246,2.34,0.983520900321543
2.326611,0.975146198830409,2.342134,0.974333165576246,2.3425,0.983520900321543
2.329094,0.975146198830409,2.344636,0.974333165576246,2.345,0.983520900321543
2.331577,0.975146198830409,2.347138,0.974333165576246,2.3475,0.983520900321543
2.33406,0.975146198830409,2.34964,0.974333165576246,2.35,0.983520900321543
2.336543,0.975146198830409,2.352142,0.974836436839456,2.3525,0.983520900321543
2.339026,0.975146198830409,2.354644,0.974836436839456,2.355,0.983520900321543
2.341509,0.975146198830409,2.357146,0.975339708102667,2.3575,0.983520900321543
2.343992,0.975146198830409,2.359648,0.975339708102667,2.36,0.983520900321543
2.346475,0.975146198830409,2.36215,0.975339708102667,2.3625,0.983922829581994
2.348958,0.975146198830409,2.364652,0.975339708102667,2.365,0.984324758842444
2.351441,0.975146198830409,2.367154,0.975339708102667,2.3675,0.984726688102894
2.353924,0.975146198830409,2.369656,0.975339708102667,2.37,0.984726688102894
2.356407,0.975146198830409,2.372158,0.975339708102667,2.3725,0.984726688102894
2.35889,0.975146198830409,2.37466,0.975842979365878,2.375,0.984726688102894
2.361373,0.975146198830409,2.377162,0.975842979365878,2.3775,0.984726688102894
2.363856,0.975146198830409,2.379664,0.976346250629089,2.38,0.984726688102894
2.366339,0.975146198830409,2.382166,0.977352793155511,2.3825,0.984726688102894
2.368822,0.975146198830409,2.384668,0.977352793155511,2.385,0.984726688102894
2.371305,0.975146198830409,2.38717,0.977352793155511,2.3875,0.984726688102894
2.373788,0.975146198830409,2.389672,0.977352793155511,2.39,0.984726688102894
2.376271,0.975146198830409,2.392174,0.977352793155511,2.3925,0.984726688102894
2.378754,0.975146198830409,2.394676,0.977352793155511,2.395,0.984726688102894
2.381237,0.975146198830409,2.397178,0.977352793155511,2.3975,0.984726688102894
2.38372,0.975146198830409,2.39968,0.977352793155511,2.4,0.984726688102894
2.386203,0.975146198830409,2.402182,0.977352793155511,2.4025,0.984726688102894
2.388686,0.975146198830409,2.404684,0.978359335681933,2.405,0.984726688102894
2.391169,0.975146198830409,2.407186,0.978862606945143,2.4075,0.984726688102894
2.393652,0.975146198830409,2.409688,0.978862606945143,2.41,0.985128617363344
2.396135,0.975146198830409,2.41219,0.978862606945143,2.4125,0.985128617363344
2.398618,0.975146198830409,2.414692,0.978862606945143,2.415,0.985128617363344
2.401101,0.975146198830409,2.417194,0.978862606945143,2.4175,0.985128617363344
2.403584,0.976608187134503,2.419696,0.978862606945143,2.42,0.985128617363344
2.406067,0.976608187134503,2.422198,0.978862606945143,2.4225,0.985128617363344
2.40855,0.976608187134503,2.4247,0.978862606945143,2.425,0.985128617363344
2.411033,0.978070175438597,2.427202,0.978862606945143,2.4275,0.985128617363344
2.413516,0.978070175438597,2.429704,0.978862606945143,2.43,0.985128617363344
2.415999,0.978070175438597,2.432206,0.979365878208354,2.4325,0.985128617363344
2.418482,0.978070175438597,2.434708,0.979365878208354,2.435,0.985530546623794
2.420965,0.978070175438597,2.43721,0.979365878208354,2.4375,0.985530546623794
2.423448,0.978070175438597,2.439712,0.979365878208354,2.44,0.985530546623794
2.425931,0.978070175438597,2.442214,0.979869149471565,2.4425,0.985932475884244
2.428414,0.978070175438597,2.444716,0.979869149471565,2.445,0.985932475884244
2.430897,0.978070175438597,2.447218,0.979869149471565,2.4475,0.985932475884244
2.43338,0.97953216374269,2.44972,0.979869149471565,2.45,0.985932475884244
2.435863,0.97953216374269,2.452222,0.979869149471565,2.4525,0.985932475884244
2.438346,0.97953216374269,2.454724,0.979869149471565,2.455,0.986334405144695
2.440829,0.97953216374269,2.457226,0.979869149471565,2.4575,0.986334405144695
2.443312,0.97953216374269,2.459728,0.979869149471565,2.46,0.986334405144695
2.445795,0.97953216374269,2.46223,0.979869149471565,2.4625,0.986334405144695
2.448278,0.97953216374269,2.464732,0.979869149471565,2.465,0.986334405144695
2.450761,0.97953216374269,2.467234,0.979869149471565,2.4675,0.986334405144695
2.453244,0.97953216374269,2.469736,0.979869149471565,2.47,0.986334405144695
2.455727,0.980994152046784,2.472238,0.980372420734776,2.4725,0.986334405144695
2.45821,0.980994152046784,2.47474,0.980372420734776,2.475,0.986334405144695
2.460693,0.980994152046784,2.477242,0.980875691997987,2.4775,0.986334405144695
2.463176,0.980994152046784,2.479744,0.980875691997987,2.48,0.986334405144695
2.465659,0.980994152046784,2.482246,0.980875691997987,2.4825,0.986334405144695
2.468142,0.982456140350877,2.484748,0.980875691997987,2.485,0.986736334405145
2.470625,0.982456140350877,2.48725,0.980875691997987,2.4875,0.987138263665595
2.473108,0.982456140350877,2.489752,0.980875691997987,2.49,0.987138263665595
2.475591,0.982456140350877,2.492254,0.980875691997987,2.4925,0.987138263665595
2.478074,0.983918128654971,2.494756,0.980875691997987,2.495,0.987138263665595
2.480557,0.983918128654971,2.497258,0.980875691997987,2.4975,0.987138263665595
2.48304,0.983918128654971,2.49976,0.980875691997987,2.5,0.987138263665595
2.485523,0.983918128654971,2.502262,0.980875691997987,2.5025,0.987138263665595
2.488006,0.983918128654971,2.504764,0.980875691997987,2.505,0.987138263665595
2.490489,0.983918128654971,2.507266,0.980875691997987,2.5075,0.987138263665595
2.492972,0.983918128654971,2.509768,0.980875691997987,2.51,0.987138263665595
2.495455,0.983918128654971,2.51227,0.980875691997987,2.5125,0.987138263665595
2.497938,0.985380116959064,2.514772,0.980875691997987,2.515,0.987540192926045
2.500421,0.985380116959064,2.517274,0.980875691997987,2.5175,0.987540192926045
2.502904,0.985380116959064,2.519776,0.980875691997987,2.52,0.987540192926045
2.505387,0.985380116959064,2.522278,0.980875691997987,2.5225,0.987540192926045
2.50787,0.985380116959064,2.52478,0.980875691997987,2.525,0.987540192926045
2.510353,0.985380116959064,2.527282,0.980875691997987,2.5275,0.987942122186495
2.512836,0.985380116959064,2.529784,0.980875691997987,2.53,0.987942122186495
2.515319,0.985380116959064,2.532286,0.980875691997987,2.5325,0.987942122186495
2.517802,0.985380116959064,2.534788,0.980875691997987,2.535,0.987942122186495
2.520285,0.985380116959064,2.53729,0.980875691997987,2.5375,0.987942122186495
2.522768,0.985380116959064,2.539792,0.980875691997987,2.54,0.987942122186495
2.525251,0.985380116959064,2.542294,0.981378963261198,2.5425,0.988344051446945
2.527734,0.985380116959064,2.544796,0.981378963261198,2.545,0.988344051446945
2.530217,0.985380116959064,2.547298,0.981378963261198,2.5475,0.988344051446945
2.5327,0.985380116959064,2.5498,0.981378963261198,2.55,0.988344051446945
2.535183,0.985380116959064,2.552302,0.981882234524409,2.5525,0.988745980707395
2.537666,0.985380116959064,2.554804,0.981882234524409,2.555,0.988745980707395
2.540149,0.985380116959064,2.557306,0.981882234524409,2.5575,0.988745980707395
2.542632,0.985380116959064,2.559808,0.981882234524409,2.56,0.988745980707395
2.545115,0.985380116959064,2.56231,0.981882234524409,2.5625,0.988745980707395
2.547598,0.985380116959064,2.564812,0.981882234524409,2.565,0.988745980707395
2.550081,0.985380116959064,2.567314,0.98238550578762,2.5675,0.988745980707395
2.552564,0.985380116959064,2.569816,0.98238550578762,2.57,0.988745980707395
2.555047,0.985380116959064,2.572318,0.98238550578762,2.5725,0.988745980707395
2.55753,0.985380116959064,2.57482,0.98238550578762,2.575,0.988745980707395
2.560013,0.985380116959064,2.577322,0.98238550578762,2.5775,0.988745980707395
2.562496,0.985380116959064,2.579824,0.98238550578762,2.58,0.988745980707395
2.564979,0.985380116959064,2.582326,0.98288877705083,2.5825,0.989549839228296
2.567462,0.985380116959064,2.584828,0.98288877705083,2.585,0.989549839228296
2.569945,0.985380116959064,2.58733,0.983392048314041,2.5875,0.989549839228296
2.572428,0.985380116959064,2.589832,0.983392048314041,2.59,0.989549839228296
2.574911,0.985380116959064,2.592334,0.983392048314041,2.5925,0.989951768488746
2.577394,0.985380116959064,2.594836,0.983392048314041,2.595,0.989951768488746
2.579877,0.985380116959064,2.597338,0.983392048314041,2.5975,0.989951768488746
2.58236,0.985380116959064,2.59984,0.983895319577252,2.6,0.989951768488746
2.584843,0.985380116959064,2.602342,0.983895319577252,2.6025,0.989951768488746
2.587326,0.985380116959064,2.604844,0.983895319577252,2.605,0.989951768488746
2.589809,0.985380116959064,2.607346,0.983895319577252,2.6075,0.989951768488746
2.592292,0.985380116959064,2.609848,0.983895319577252,2.61,0.989951768488746
2.594775,0.985380116959064,2.61235,0.983895319577252,2.6125,0.989951768488746
2.597258,0.985380116959064,2.614852,0.983895319577252,2.615,0.989951768488746
2.599741,0.985380116959064,2.617354,0.983895319577252,2.6175,0.989951768488746
2.602224,0.985380116959064,2.619856,0.983895319577252,2.62,0.989951768488746
2.604707,0.985380116959064,2.622358,0.983895319577252,2.6225,0.989951768488746
2.60719,0.985380116959064,2.62486,0.983895319577252,2.625,0.989951768488746
2.609673,0.985380116959064,2.627362,0.984398590840463,2.6275,0.989951768488746
2.612156,0.985380116959064,2.629864,0.984398590840463,2.63,0.989951768488746
2.614639,0.985380116959064,2.632366,0.984398590840463,2.6325,0.990353697749196
2.617122,0.985380116959064,2.634868,0.984398590840463,2.635,0.990353697749196
2.619605,0.985380116959064,2.63737,0.984398590840463,2.6375,0.990353697749196
2.622088,0.985380116959064,2.639872,0.984398590840463,2.64,0.990353697749196
2.624571,0.985380116959064,2.642374,0.984901862103674,2.6425,0.990755627009646
2.627054,0.985380116959064,2.644876,0.984901862103674,2.645,0.990755627009646
2.629537,0.985380116959064,2.647378,0.984901862103674,2.6475,0.991157556270096
2.63202,0.985380116959064,2.64988,0.984901862103674,2.65,0.991157556270096
2.634503,0.985380116959064,2.652382,0.984901862103674,2.6525,0.991157556270096
2.636986,0.985380116959064,2.654884,0.985405133366885,2.655,0.991157556270096
2.639469,0.985380116959064,2.657386,0.985405133366885,2.6575,0.991157556270096
2.641952,0.985380116959064,2.659888,0.985908404630096,2.66,0.991157556270096
2.644435,0.985380116959064,2.66239,0.985908404630096,2.6625,0.991157556270096
2.646918,0.985380116959064,2.664892,0.985908404630096,2.665,0.991157556270096
2.649401,0.985380116959064,2.667394,0.985908404630096,2.6675,0.991157556270096
2.651884,0.986842105263158,2.669896,0.986411675893306,2.67,0.991157556270096
2.654367,0.986842105263158,2.672398,0.986411675893306,2.6725,0.991559485530547
2.65685,0.986842105263158,2.6749,0.986411675893306,2.675,0.991559485530547
2.659333,0.988304093567251,2.677402,0.986411675893306,2.6775,0.991559485530547
2.661816,0.988304093567251,2.679904,0.986411675893306,2.68,0.991559485530547
2.664299,0.988304093567251,2.682406,0.986914947156517,2.6825,0.991559485530547
2.666782,0.988304093567251,2.684908,0.986914947156517,2.685,0.991559485530547
2.669265,0.988304093567251,2.68741,0.986914947156517,2.6875,0.991559485530547
2.671748,0.989766081871345,2.689912,0.986914947156517,2.69,0.991559485530547
2.674231,0.989766081871345,2.692414,0.986914947156517,2.6925,0.991961414790997
2.676714,0.989766081871345,2.694916,0.987418218419728,2.695,0.991961414790997
2.679197,0.989766081871345,2.697418,0.987418218419728,2.6975,0.991961414790997
2.68168,0.989766081871345,2.69992,0.987921489682939,2.7,0.992363344051447
2.684163,0.991228070175439,2.702422,0.987921489682939,2.7025,0.992363344051447
2.686646,0.992690058479532,2.704924,0.987921489682939,2.705,0.992363344051447
2.689129,0.992690058479532,2.707426,0.987921489682939,2.7075,0.992363344051447
2.691612,0.992690058479532,2.709928,0.987921489682939,2.71,0.992363344051447
2.694095,0.994152046783626,2.71243,0.988928032209361,2.7125,0.992363344051447
2.696578,0.994152046783626,2.714932,0.988928032209361,2.715,0.992363344051447
2.699061,0.994152046783626,2.717434,0.988928032209361,2.7175,0.992363344051447
2.701544,0.994152046783626,2.719936,0.988928032209361,2.72,0.992363344051447
2.704027,0.994152046783626,2.722438,0.988928032209361,2.7225,0.993167202572347
2.70651,0.994152046783626,2.72494,0.989431303472572,2.725,0.993167202572347
2.708993,0.994152046783626,2.727442,0.989431303472572,2.7275,0.993167202572347
2.711476,0.994152046783626,2.729944,0.989431303472572,2.73,0.993167202572347
2.713959,0.994152046783626,2.732446,0.989934574735783,2.7325,0.993167202572347
2.716442,0.995614035087719,2.734948,0.989934574735783,2.735,0.993167202572347
2.718925,0.995614035087719,2.73745,0.990437845998993,2.7375,0.993167202572347
2.721408,0.995614035087719,2.739952,0.990941117262204,2.74,0.993167202572347
2.723891,0.995614035087719,2.742454,0.990941117262204,2.7425,0.993167202572347
2.726374,0.995614035087719,2.744956,0.990941117262204,2.745,0.993569131832797
2.728857,0.995614035087719,2.747458,0.991444388525415,2.7475,0.993569131832797
2.73134,0.995614035087719,2.74996,0.991444388525415,2.75,0.993569131832797
2.733823,0.997076023391813,2.752462,0.991444388525415,2.7525,0.994372990353698
2.736306,0.997076023391813,2.754964,0.991947659788626,2.755,0.994372990353698
2.738789,0.997076023391813,2.757466,0.991947659788626,2.7575,0.994372990353698
2.741272,0.997076023391813,2.759968,0.991947659788626,2.76,0.995176848874598
2.743755,0.997076023391813,2.76247,0.991947659788626,2.7625,0.995176848874598
2.746238,0.997076023391813,2.764972,0.992450931051837,2.765,0.995176848874598
2.748721,0.997076023391813,2.767474,0.992954202315048,2.7675,0.995176848874598
2.751204,0.997076023391813,2.769976,0.992954202315048,2.77,0.995578778135048
2.753687,0.997076023391813,2.772478,0.993457473578259,2.7725,0.995578778135048
2.75617,0.997076023391813,2.77498,0.993457473578259,2.775,0.996784565916399
2.758653,0.997076023391813,2.777482,0.99396074484147,2.7775,0.997186495176849
2.761136,0.997076023391813,2.779984,0.99446401610468,2.78,0.997186495176849
2.763619,0.997076023391813,2.782486,0.99446401610468,2.7825,0.997588424437299
2.766102,0.997076023391813,2.784988,0.99446401610468,2.785,0.997588424437299
2.768585,0.997076023391813,2.78749,0.995973829894313,2.7875,0.997588424437299
2.771068,0.997076023391813,2.789992,0.996477101157524,2.79,0.997588424437299
2.773551,0.997076023391813,2.792494,0.996980372420735,2.7925,0.997990353697749
2.776034,0.997076023391813,2.794996,0.997483643683946,2.795,0.998392282958199
2.778517,0.998538011695906,2.797498,0.997483643683946,2.7975,0.998392282958199
2.781,1,2.8,1,2.8,1
