GBE Subset- beta, Cumulative Freq.,non-GBE- beta, Cumulative Freq., GBE- beta, Cumulative Freq.
-1.634362,0.00292397660818713,-1.643353,0.000503271263210871,-1.64635,0.00120578778135048
-1.630724,0.00730994152046784,-1.639706,0.00150981378963261,-1.6427,0.00120578778135048
-1.627086,0.0087719298245614,-1.636059,0.00301962757926522,-1.63905,0.00160771704180064
-1.623448,0.0116959064327485,-1.632412,0.00402617010568697,-1.6354,0.00321543408360129
-1.61981,0.0131578947368421,-1.628765,0.00503271263210871,-1.63175,0.00522508038585209
-1.616172,0.0146198830409357,-1.625118,0.00704579768495219,-1.6281,0.00643086816720257
-1.612534,0.0160818713450292,-1.621471,0.00956215400100654,-1.62445,0.00803858520900321
-1.608896,0.0160818713450292,-1.617824,0.0120785103170609,-1.6208,0.00964630225080386
-1.605258,0.0175438596491228,-1.614177,0.0140915953699044,-1.61715,0.0112540192926045
-1.60162,0.0190058479532164,-1.61053,0.0150981378963261,-1.6135,0.0120578778135048
-1.597982,0.0219298245614035,-1.606883,0.0161046804227479,-1.60985,0.0140675241157556
-1.594344,0.0233918128654971,-1.603236,0.0176144942123805,-1.6062,0.0152733118971061
-1.590706,0.0248538011695906,-1.599589,0.0191243080020131,-1.60255,0.0164790996784566
-1.587068,0.0248538011695906,-1.595942,0.0201308505284348,-1.5989,0.0168810289389068
-1.58343,0.0277777777777778,-1.592295,0.0231504781077,-1.59525,0.0172829581993569
-1.579792,0.0277777777777778,-1.588648,0.0241570206341218,-1.5916,0.0180868167202572
-1.576154,0.0292397660818713,-1.585001,0.0261701056869653,-1.58795,0.0192926045016077
-1.572516,0.0292397660818713,-1.581354,0.0276799194765979,-1.5843,0.0196945337620579
-1.568878,0.0321637426900585,-1.577707,0.0276799194765979,-1.58065,0.0209003215434084
-1.56524,0.0380116959064327,-1.57406,0.0291897332662305,-1.577,0.0229099678456592
-1.561602,0.0394736842105263,-1.570413,0.0317060895822849,-1.57335,0.0253215434083601
-1.557964,0.0511695906432749,-1.566766,0.0352289884247609,-1.5697,0.0277331189710611
-1.554326,0.0555555555555556,-1.563119,0.0402617010568697,-1.56605,0.0313504823151125
-1.550688,0.0570175438596491,-1.559472,0.0417715148465023,-1.5624,0.0369774919614148
-1.54705,0.0584795321637427,-1.555825,0.0457976849521892,-1.55875,0.0430064308681672
-1.543412,0.0614035087719298,-1.552178,0.0498238550578762,-1.5551,0.0486334405144695
-1.539774,0.0628654970760234,-1.548531,0.0523402113739306,-1.55145,0.0514469453376206
-1.536136,0.0628654970760234,-1.544884,0.0533467539003523,-1.5478,0.0562700964630225
-1.532498,0.0628654970760234,-1.541237,0.0553598389531958,-1.54415,0.0570739549839228
-1.52886,0.0628654970760234,-1.53759,0.0578761952692501,-1.5405,0.0606913183279743
-1.525222,0.0628654970760234,-1.533943,0.0588827377956719,-1.53685,0.0622990353697749
-1.521584,0.0628654970760234,-1.530296,0.0598892803220936,-1.5332,0.0647106109324759
-1.517946,0.0628654970760234,-1.526649,0.0608958228485154,-1.52955,0.0647106109324759
-1.514308,0.0628654970760234,-1.523002,0.0608958228485154,-1.5259,0.0659163987138264
-1.51067,0.0628654970760234,-1.519355,0.0613990941117262,-1.52225,0.0659163987138264
-1.507032,0.0628654970760234,-1.515708,0.0613990941117262,-1.5186,0.0667202572347267
-1.503394,0.0628654970760234,-1.512061,0.0613990941117262,-1.51495,0.0671221864951768
-1.499756,0.0628654970760234,-1.508414,0.0634121791645697,-1.5113,0.067524115755627
-1.496118,0.0628654970760234,-1.504767,0.0634121791645697,-1.50765,0.067524115755627
-1.49248,0.0628654970760234,-1.50112,0.0634121791645697,-1.504,0.0679260450160772
-1.488842,0.0628654970760234,-1.497473,0.0664318067438349,-1.50035,0.0683279742765273
-1.485204,0.064327485380117,-1.493826,0.0669350780070458,-1.4967,0.0691318327974277
-1.481566,0.064327485380117,-1.490179,0.0669350780070458,-1.49305,0.069935691318328
-1.477928,0.064327485380117,-1.486532,0.0674383492702567,-1.4894,0.0711414790996785
-1.47429,0.064327485380117,-1.482885,0.0689481630598893,-1.48575,0.0711414790996785
-1.470652,0.064327485380117,-1.479238,0.0689481630598893,-1.4821,0.0727491961414791
-1.467014,0.064327485380117,-1.475591,0.069954705586311,-1.47845,0.0727491961414791
-1.463376,0.064327485380117,-1.471944,0.069954705586311,-1.4748,0.0735530546623794
-1.459738,0.064327485380117,-1.468297,0.069954705586311,-1.47115,0.0747588424437299
-1.4561,0.064327485380117,-1.46465,0.0704579768495219,-1.4675,0.0747588424437299
-1.452462,0.064327485380117,-1.461003,0.0709612481127328,-1.46385,0.0747588424437299
-1.448824,0.0657894736842105,-1.457356,0.0724710619023654,-1.4602,0.0747588424437299
-1.445186,0.0657894736842105,-1.453709,0.073980875691998,-1.45655,0.0747588424437299
-1.441548,0.0657894736842105,-1.450062,0.0744841469552089,-1.4529,0.0747588424437299
-1.43791,0.0657894736842105,-1.446415,0.0744841469552089,-1.44925,0.0747588424437299
-1.434272,0.0657894736842105,-1.442768,0.0744841469552089,-1.4456,0.0755627009646302
-1.430634,0.0657894736842105,-1.439121,0.0749874182184197,-1.44195,0.0755627009646302
-1.426996,0.0657894736842105,-1.435474,0.0754906894816306,-1.4383,0.0759646302250804
-1.423358,0.0657894736842105,-1.431827,0.0754906894816306,-1.43465,0.0759646302250804
-1.41972,0.0657894736842105,-1.42818,0.0759939607448415,-1.431,0.077572347266881
-1.416082,0.0657894736842105,-1.424533,0.0759939607448415,-1.42735,0.0779742765273312
-1.412444,0.0657894736842105,-1.420886,0.0759939607448415,-1.4237,0.0779742765273312
-1.408806,0.0672514619883041,-1.417239,0.0764972320080523,-1.42005,0.0779742765273312
-1.405168,0.0672514619883041,-1.413592,0.078007045797685,-1.4164,0.0791800643086817
-1.40153,0.0701754385964912,-1.409945,0.0785103170608958,-1.41275,0.0791800643086817
-1.397892,0.0701754385964912,-1.406298,0.0790135883241067,-1.4091,0.079983922829582
-1.394254,0.0701754385964912,-1.402651,0.0790135883241067,-1.40545,0.0803858520900322
-1.390616,0.0701754385964912,-1.399004,0.0795168595873176,-1.4018,0.0811897106109325
-1.386978,0.0701754385964912,-1.395357,0.0795168595873176,-1.39815,0.0815916398713826
-1.38334,0.0716374269005848,-1.39171,0.0795168595873176,-1.3945,0.0819935691318328
-1.379702,0.0730994152046784,-1.388063,0.0800201308505284,-1.39085,0.0819935691318328
-1.376064,0.0730994152046784,-1.384416,0.0810266733769502,-1.3872,0.0819935691318328
-1.372426,0.0730994152046784,-1.380769,0.081529944640161,-1.38355,0.0819935691318328
-1.368788,0.0730994152046784,-1.377122,0.081529944640161,-1.3799,0.082395498392283
-1.36515,0.0730994152046784,-1.373475,0.081529944640161,-1.37625,0.0827974276527331
-1.361512,0.0730994152046784,-1.369828,0.081529944640161,-1.3726,0.0836012861736334
-1.357874,0.0730994152046784,-1.366181,0.081529944640161,-1.36895,0.0844051446945338
-1.354236,0.0730994152046784,-1.362534,0.0820332159033719,-1.3653,0.0844051446945338
-1.350598,0.0730994152046784,-1.358887,0.0830397584297937,-1.36165,0.0848070739549839
-1.34696,0.0730994152046784,-1.35524,0.0830397584297937,-1.358,0.0848070739549839
-1.343322,0.0730994152046784,-1.351593,0.0830397584297937,-1.35435,0.0860128617363344
-1.339684,0.0745614035087719,-1.347946,0.0840463009562154,-1.3507,0.0860128617363344
-1.336046,0.0745614035087719,-1.344299,0.0840463009562154,-1.34705,0.0864147909967846
-1.332408,0.0745614035087719,-1.340652,0.0840463009562154,-1.3434,0.0872186495176849
-1.32877,0.0745614035087719,-1.337005,0.0840463009562154,-1.33975,0.0872186495176849
-1.325132,0.0745614035087719,-1.333358,0.0840463009562154,-1.3361,0.0884244372990354
-1.321494,0.0745614035087719,-1.329711,0.0845495722194263,-1.33245,0.0884244372990354
-1.317856,0.0745614035087719,-1.326064,0.0845495722194263,-1.3288,0.0884244372990354
-1.314218,0.0745614035087719,-1.322417,0.0850528434826371,-1.32515,0.0884244372990354
-1.31058,0.0774853801169591,-1.31877,0.085556114745848,-1.3215,0.090032154340836
-1.306942,0.0774853801169591,-1.315123,0.0860593860090589,-1.31785,0.0904340836012862
-1.303304,0.0774853801169591,-1.311476,0.0865626572722697,-1.3142,0.0904340836012862
-1.299666,0.0774853801169591,-1.307829,0.0870659285354806,-1.31055,0.0908360128617363
-1.296028,0.0774853801169591,-1.304182,0.0885757423251132,-1.3069,0.0912379421221865
-1.29239,0.0774853801169591,-1.300535,0.0900855561147458,-1.30325,0.0912379421221865
-1.288752,0.0774853801169591,-1.296888,0.0900855561147458,-1.2996,0.0912379421221865
-1.285114,0.0774853801169591,-1.293241,0.0900855561147458,-1.29595,0.0912379421221865
-1.281476,0.0774853801169591,-1.289594,0.0905888273779567,-1.2923,0.0916398713826367
-1.277838,0.0774853801169591,-1.285947,0.0915953699043785,-1.28865,0.092443729903537
-1.2742,0.0774853801169591,-1.2823,0.0915953699043785,-1.285,0.092443729903537
-1.270562,0.0774853801169591,-1.278653,0.0915953699043785,-1.28135,0.0936495176848875
-1.266924,0.0774853801169591,-1.275006,0.0920986411675893,-1.2777,0.0936495176848875
-1.263286,0.0789473684210526,-1.271359,0.0920986411675893,-1.27405,0.0940514469453376
-1.259648,0.0789473684210526,-1.267712,0.0926019124308002,-1.2704,0.0948553054662379
-1.25601,0.0789473684210526,-1.264065,0.0926019124308002,-1.26675,0.0948553054662379
-1.252372,0.0804093567251462,-1.260418,0.0936084549572219,-1.2631,0.0948553054662379
-1.248734,0.0804093567251462,-1.256771,0.0936084549572219,-1.25945,0.0956591639871383
-1.245096,0.0804093567251462,-1.253124,0.0946149974836437,-1.2558,0.0968649517684887
-1.241458,0.0818713450292398,-1.249477,0.0956215400100654,-1.25215,0.0972668810289389
-1.23782,0.0818713450292398,-1.24583,0.0961248112732763,-1.2485,0.0972668810289389
-1.234182,0.0818713450292398,-1.242183,0.0961248112732763,-1.24485,0.0976688102893891
-1.230544,0.0847953216374269,-1.238536,0.0961248112732763,-1.2412,0.0980707395498392
-1.226906,0.0847953216374269,-1.234889,0.0961248112732763,-1.23755,0.0984726688102894
-1.223268,0.0847953216374269,-1.231242,0.0961248112732763,-1.2339,0.0988745980707395
-1.21963,0.0847953216374269,-1.227595,0.097131353799698,-1.23025,0.0992765273311897
-1.215992,0.0847953216374269,-1.223948,0.0976346250629089,-1.2266,0.10008038585209
-1.212354,0.0862573099415205,-1.220301,0.0986411675893307,-1.22295,0.10008038585209
-1.208716,0.087719298245614,-1.216654,0.0986411675893307,-1.2193,0.10008038585209
-1.205078,0.087719298245614,-1.213007,0.0986411675893307,-1.21565,0.10008038585209
-1.20144,0.087719298245614,-1.20936,0.0986411675893307,-1.212,0.101688102893891
-1.197802,0.0891812865497076,-1.205713,0.0986411675893307,-1.20835,0.101688102893891
-1.194164,0.0891812865497076,-1.202066,0.0991444388525415,-1.2047,0.101688102893891
-1.190526,0.0891812865497076,-1.198419,0.0991444388525415,-1.20105,0.102090032154341
-1.186888,0.0906432748538012,-1.194772,0.0996477101157524,-1.1974,0.102491961414791
-1.18325,0.0906432748538012,-1.191125,0.0996477101157524,-1.19375,0.102491961414791
-1.179612,0.0906432748538012,-1.187478,0.100654252642174,-1.1901,0.102491961414791
-1.175974,0.0906432748538012,-1.183831,0.101157523905385,-1.18645,0.102893890675241
-1.172336,0.0906432748538012,-1.180184,0.101157523905385,-1.1828,0.103295819935691
-1.168698,0.0906432748538012,-1.176537,0.101157523905385,-1.17915,0.103697749196141
-1.16506,0.0906432748538012,-1.17289,0.101660795168596,-1.1755,0.104099678456592
-1.161422,0.0921052631578947,-1.169243,0.102164066431807,-1.17185,0.104099678456592
-1.157784,0.0921052631578947,-1.165596,0.102164066431807,-1.1682,0.104501607717042
-1.154146,0.0935672514619883,-1.161949,0.103170608958228,-1.16455,0.104501607717042
-1.150508,0.0935672514619883,-1.158302,0.10417715148465,-1.1609,0.105305466237942
-1.14687,0.0935672514619883,-1.154655,0.10417715148465,-1.15725,0.105707395498392
-1.143232,0.0950292397660819,-1.151008,0.104680422747861,-1.1536,0.106109324758842
-1.139594,0.0950292397660819,-1.147361,0.105183694011072,-1.14995,0.106913183279743
-1.135956,0.0950292397660819,-1.143714,0.105183694011072,-1.1463,0.107315112540193
-1.132318,0.0950292397660819,-1.140067,0.105686965274283,-1.14265,0.107315112540193
-1.12868,0.0950292397660819,-1.13642,0.106190236537494,-1.139,0.108118971061093
-1.125042,0.097953216374269,-1.132773,0.106190236537494,-1.13535,0.108118971061093
-1.121404,0.0994152046783626,-1.129126,0.106693507800705,-1.1317,0.108118971061093
-1.117766,0.0994152046783626,-1.125479,0.107700050327126,-1.12805,0.108520900321543
-1.114128,0.0994152046783626,-1.121832,0.108706592853548,-1.1244,0.109324758842444
-1.11049,0.10233918128655,-1.118185,0.109209864116759,-1.12075,0.109726688102894
-1.106852,0.103801169590643,-1.114538,0.10971313537997,-1.1171,0.110128617363344
-1.103214,0.10672514619883,-1.110891,0.10971313537997,-1.11345,0.110530546623794
-1.099576,0.108187134502924,-1.107244,0.110719677906392,-1.1098,0.110530546623794
-1.095938,0.108187134502924,-1.103597,0.110719677906392,-1.10615,0.112138263665595
-1.0923,0.108187134502924,-1.09995,0.110719677906392,-1.1025,0.112942122186495
-1.088662,0.111111111111111,-1.096303,0.112229491696024,-1.09885,0.114549839228296
-1.085024,0.112573099415205,-1.092656,0.112732762959235,-1.0952,0.114951768488746
-1.081386,0.112573099415205,-1.089009,0.114242576748868,-1.09155,0.115353697749196
-1.077748,0.112573099415205,-1.085362,0.114745848012079,-1.0879,0.115755627009646
-1.07411,0.112573099415205,-1.081715,0.115249119275289,-1.08425,0.116961414790997
-1.070472,0.112573099415205,-1.078068,0.115249119275289,-1.0806,0.116961414790997
-1.066834,0.112573099415205,-1.074421,0.115249119275289,-1.07695,0.116961414790997
-1.063196,0.112573099415205,-1.070774,0.115249119275289,-1.0733,0.116961414790997
-1.059558,0.114035087719298,-1.067127,0.1157523905385,-1.06965,0.116961414790997
-1.05592,0.114035087719298,-1.06348,0.116758933064922,-1.066,0.116961414790997
-1.052282,0.115497076023392,-1.059833,0.117262204328133,-1.06235,0.116961414790997
-1.048644,0.115497076023392,-1.056186,0.117765475591344,-1.0587,0.117765273311897
-1.045006,0.115497076023392,-1.052539,0.117765475591344,-1.05505,0.117765273311897
-1.041368,0.115497076023392,-1.048892,0.118268746854555,-1.0514,0.118167202572347
-1.03773,0.115497076023392,-1.045245,0.118268746854555,-1.04775,0.118569131832797
-1.034092,0.115497076023392,-1.041598,0.119778560644187,-1.0441,0.118569131832797
-1.030454,0.115497076023392,-1.037951,0.120281831907398,-1.04045,0.119372990353698
-1.026816,0.115497076023392,-1.034304,0.122294916960242,-1.0368,0.119372990353698
-1.023178,0.116959064327485,-1.030657,0.125314544539507,-1.03315,0.121382636655949
-1.01954,0.119883040935673,-1.02701,0.126321087065929,-1.0295,0.121784565916399
-1.015902,0.119883040935673,-1.023363,0.128334172118772,-1.02585,0.122186495176849
-1.012264,0.12719298245614,-1.019716,0.130347257171615,-1.0222,0.122186495176849
-1.008626,0.130116959064327,-1.016069,0.133366884750881,-1.01855,0.123392282958199
-1.004988,0.140350877192982,-1.012422,0.134876698540513,-1.0149,0.125
-1.00135,0.153508771929825,-1.008775,0.1389028686462,-1.01125,0.127813504823151
-0.997712,0.171052631578947,-1.005128,0.141419224962255,-1.0076,0.130627009646302
-0.994074,0.176900584795322,-1.001481,0.143935581278309,-1.00395,0.135048231511254
-0.990436,0.181286549707602,-0.997834,0.148465022647207,-1.0003,0.142684887459807
-0.986798,0.187134502923977,-0.994187,0.154001006542526,-0.99665,0.151527331189711
-0.98316,0.195906432748538,-0.99054,0.157523905385003,-0.993,0.159967845659164
-0.979522,0.197368421052632,-0.986893,0.164066431806744,-0.98935,0.166800643086817
-0.975884,0.200292397660819,-0.983246,0.169099144438853,-0.9857,0.17443729903537
-0.972246,0.200292397660819,-0.979599,0.174635128334172,-0.98205,0.180868167202572
-0.968608,0.203216374269006,-0.975952,0.177654755913437,-0.9784,0.185289389067524
-0.96497,0.204678362573099,-0.972305,0.179667840966281,-0.97475,0.186093247588424
-0.961332,0.204678362573099,-0.968658,0.181177654755913,-0.9711,0.188906752411576
-0.957694,0.206140350877193,-0.965011,0.183694011071968,-0.96745,0.190112540192926
-0.954056,0.206140350877193,-0.961364,0.184197282335179,-0.9638,0.190916398713826
-0.950418,0.206140350877193,-0.957717,0.1852038248616,-0.96015,0.191720257234727
-0.94678,0.206140350877193,-0.95407,0.187216909914444,-0.9565,0.192122186495177
-0.943142,0.206140350877193,-0.950423,0.187720181177655,-0.95285,0.192524115755627
-0.939504,0.207602339181287,-0.946776,0.187720181177655,-0.9492,0.192524115755627
-0.935866,0.207602339181287,-0.943129,0.187720181177655,-0.94555,0.193327974276527
-0.932228,0.207602339181287,-0.939482,0.188223452440866,-0.9419,0.194131832797428
-0.92859,0.20906432748538,-0.935835,0.189229994967287,-0.93825,0.194131832797428
-0.924952,0.20906432748538,-0.932188,0.190236537493709,-0.9346,0.194935691318328
-0.921314,0.210526315789474,-0.928541,0.19073980875692,-0.93095,0.195739549839228
-0.917676,0.210526315789474,-0.924894,0.191243080020131,-0.9273,0.196141479099678
-0.914038,0.211988304093567,-0.921247,0.192249622546553,-0.92365,0.196141479099678
-0.9104,0.213450292397661,-0.9176,0.192752893809763,-0.92,0.196141479099678
-0.906762,0.214912280701754,-0.913953,0.193256165072974,-0.91635,0.196141479099678
-0.903124,0.214912280701754,-0.910306,0.193759436336185,-0.9127,0.196141479099678
-0.899486,0.216374269005848,-0.906659,0.194262707599396,-0.90905,0.196543408360129
-0.895848,0.216374269005848,-0.903012,0.194262707599396,-0.9054,0.196543408360129
-0.89221,0.219298245614035,-0.899365,0.194262707599396,-0.90175,0.196945337620579
-0.888572,0.219298245614035,-0.895718,0.194262707599396,-0.8981,0.197347266881029
-0.884934,0.219298245614035,-0.892071,0.194765978862607,-0.89445,0.198151125401929
-0.881296,0.219298245614035,-0.888424,0.194765978862607,-0.8908,0.198553054662379
-0.877658,0.219298245614035,-0.884777,0.195269250125818,-0.88715,0.19895498392283
-0.87402,0.222222222222222,-0.88113,0.195269250125818,-0.8835,0.19895498392283
-0.870382,0.222222222222222,-0.877483,0.195772521389029,-0.87985,0.19895498392283
-0.866744,0.222222222222222,-0.873836,0.195772521389029,-0.8762,0.20056270096463
-0.863106,0.222222222222222,-0.870189,0.19627579265224,-0.87255,0.20056270096463
-0.859468,0.222222222222222,-0.866542,0.19627579265224,-0.8689,0.20096463022508
-0.85583,0.222222222222222,-0.862895,0.19677906391545,-0.86525,0.20096463022508
-0.852192,0.222222222222222,-0.859248,0.197785606441872,-0.8616,0.201366559485531
-0.848554,0.222222222222222,-0.855601,0.197785606441872,-0.85795,0.201366559485531
-0.844916,0.222222222222222,-0.851954,0.198288877705083,-0.8543,0.202572347266881
-0.841278,0.222222222222222,-0.848307,0.198792148968294,-0.85065,0.202572347266881
-0.83764,0.225146198830409,-0.84466,0.198792148968294,-0.847,0.202572347266881
-0.834002,0.225146198830409,-0.841013,0.199798691494716,-0.84335,0.202572347266881
-0.830364,0.225146198830409,-0.837366,0.199798691494716,-0.8397,0.203376205787781
-0.826726,0.225146198830409,-0.833719,0.200301962757927,-0.83605,0.203778135048232
-0.823088,0.226608187134503,-0.830072,0.201308505284348,-0.8324,0.204983922829582
-0.81945,0.228070175438596,-0.826425,0.201811776547559,-0.82875,0.205787781350482
-0.815812,0.228070175438596,-0.822778,0.20231504781077,-0.8251,0.206591639871383
-0.812174,0.228070175438596,-0.819131,0.202818319073981,-0.82145,0.206591639871383
-0.808536,0.228070175438596,-0.815484,0.202818319073981,-0.8178,0.206993569131833
-0.804898,0.22953216374269,-0.811837,0.202818319073981,-0.81415,0.208199356913183
-0.80126,0.230994152046784,-0.80819,0.203824861600403,-0.8105,0.208601286173633
-0.797622,0.232456140350877,-0.804543,0.204328132863613,-0.80685,0.208601286173633
-0.793984,0.232456140350877,-0.800896,0.204831404126824,-0.8032,0.210209003215434
-0.790346,0.232456140350877,-0.797249,0.205837946653246,-0.79955,0.210610932475884
-0.786708,0.233918128654971,-0.793602,0.206844489179668,-0.7959,0.212620578778135
-0.78307,0.236842105263158,-0.789955,0.20785103170609,-0.79225,0.213826366559486
-0.779432,0.236842105263158,-0.786308,0.209864116758933,-0.7886,0.215434083601286
-0.775794,0.241228070175439,-0.782661,0.211373930548566,-0.78495,0.217845659163987
-0.772156,0.247076023391813,-0.779014,0.212883744338198,-0.7813,0.219051446945338
-0.768518,0.248538011695906,-0.775367,0.214393558127831,-0.77765,0.221864951768489
-0.76488,0.251461988304094,-0.77172,0.217916456970307,-0.774,0.22508038585209
-0.761242,0.252923976608187,-0.768073,0.220936084549572,-0.77035,0.227893890675241
-0.757604,0.252923976608187,-0.764426,0.222445898339205,-0.7667,0.229903536977492
-0.753966,0.254385964912281,-0.760779,0.222445898339205,-0.76305,0.231511254019293
-0.750328,0.254385964912281,-0.757132,0.223452440865627,-0.7594,0.233520900321543
-0.74669,0.254385964912281,-0.753485,0.224962254655259,-0.75575,0.235128617363344
-0.743052,0.254385964912281,-0.749838,0.22546552591847,-0.7521,0.237942122186495
-0.739414,0.254385964912281,-0.746191,0.227981882234524,-0.74845,0.238745980707395
-0.735776,0.254385964912281,-0.742544,0.23100150981379,-0.7448,0.239951768488746
-0.732138,0.255847953216374,-0.738897,0.232008052340211,-0.74115,0.240755627009646
-0.7285,0.255847953216374,-0.73525,0.233014594866633,-0.7375,0.240755627009646
-0.724862,0.257309941520468,-0.731603,0.233517866129844,-0.73385,0.240755627009646
-0.721224,0.257309941520468,-0.727956,0.233517866129844,-0.7302,0.241157556270096
-0.717586,0.257309941520468,-0.724309,0.234021137393055,-0.72655,0.241559485530547
-0.713948,0.257309941520468,-0.720662,0.234524408656266,-0.7229,0.241559485530547
-0.71031,0.257309941520468,-0.717015,0.236537493709109,-0.71925,0.241961414790997
-0.706672,0.257309941520468,-0.713368,0.23704076497232,-0.7156,0.242363344051447
-0.703034,0.257309941520468,-0.709721,0.239053850025164,-0.71195,0.242765273311897
-0.699396,0.257309941520468,-0.706074,0.241066935078007,-0.7083,0.243167202572347
-0.695758,0.260233918128655,-0.702427,0.244086562657272,-0.70465,0.243971061093248
-0.69212,0.260233918128655,-0.69878,0.245596376446905,-0.701,0.245176848874598
-0.688482,0.263157894736842,-0.695133,0.248112732762959,-0.69735,0.245980707395498
-0.684844,0.263157894736842,-0.691486,0.249622546552592,-0.6937,0.248392282958199
-0.681206,0.264619883040936,-0.687839,0.251132360342224,-0.69005,0.25120578778135
-0.677568,0.267543859649123,-0.684192,0.251635631605435,-0.6864,0.254421221864952
-0.67393,0.269005847953216,-0.680545,0.252642174131857,-0.68275,0.258842443729904
-0.670292,0.274853801169591,-0.676898,0.255158530447911,-0.6791,0.263263665594855
-0.666654,0.276315789473684,-0.673251,0.26019124308002,-0.67545,0.266479099678457
-0.663016,0.283625730994152,-0.669604,0.26572722697534,-0.6718,0.269694533762058
-0.659378,0.292397660818713,-0.665957,0.271263210870659,-0.66815,0.27411575562701
-0.65574,0.292397660818713,-0.66231,0.274786109713135,-0.6645,0.278536977491961
-0.652102,0.295321637426901,-0.658663,0.276799194765979,-0.66085,0.284565916398714
-0.648464,0.298245614035088,-0.655016,0.280825364871666,-0.6572,0.288585209003215
-0.644826,0.299707602339181,-0.651369,0.285354806240564,-0.65355,0.294212218649518
-0.641188,0.299707602339181,-0.647722,0.286361348766985,-0.6499,0.297025723472669
-0.63755,0.301169590643275,-0.644075,0.287871162556618,-0.64625,0.297427652733119
-0.633912,0.301169590643275,-0.640428,0.28887770508304,-0.6426,0.30024115755627
-0.630274,0.304093567251462,-0.636781,0.289380976346251,-0.63895,0.301446945337621
-0.626636,0.304093567251462,-0.633134,0.289884247609462,-0.6353,0.302652733118971
-0.622998,0.304093567251462,-0.629487,0.290890790135883,-0.63165,0.303054662379421
-0.61936,0.304093567251462,-0.62584,0.291394061399094,-0.628,0.303456591639871
-0.615722,0.304093567251462,-0.622193,0.292903875188727,-0.62435,0.304260450160772
-0.612084,0.304093567251462,-0.618546,0.292903875188727,-0.6207,0.305466237942122
-0.608446,0.304093567251462,-0.614899,0.292903875188727,-0.61705,0.305868167202572
-0.604808,0.307017543859649,-0.611252,0.293910417715148,-0.6134,0.305868167202572
-0.60117,0.307017543859649,-0.607605,0.293910417715148,-0.60975,0.306270096463023
-0.597532,0.307017543859649,-0.603958,0.29491696024157,-0.6061,0.307877813504823
-0.593894,0.307017543859649,-0.600311,0.295420231504781,-0.60245,0.307877813504823
-0.590256,0.308479532163743,-0.596664,0.296426774031203,-0.5988,0.308279742765273
-0.586618,0.308479532163743,-0.593017,0.297433316557625,-0.59515,0.308681672025723
-0.58298,0.308479532163743,-0.58937,0.297433316557625,-0.5915,0.308681672025723
-0.579342,0.309941520467836,-0.585723,0.297433316557625,-0.58785,0.308681672025723
-0.575704,0.309941520467836,-0.582076,0.297433316557625,-0.5842,0.309083601286174
-0.572066,0.31140350877193,-0.578429,0.297936587820835,-0.58055,0.309887459807074
-0.568428,0.312865497076023,-0.574782,0.297936587820835,-0.5769,0.311093247588424
-0.56479,0.314327485380117,-0.571135,0.299446401610468,-0.57325,0.312299035369775
-0.561152,0.314327485380117,-0.567488,0.299446401610468,-0.5696,0.313102893890675
-0.557514,0.318713450292398,-0.563841,0.30045294413689,-0.56595,0.314710610932476
-0.553876,0.320175438596491,-0.560194,0.301459486663312,-0.5623,0.315112540192926
-0.550238,0.323099415204678,-0.556547,0.304479114242577,-0.55865,0.316318327974277
-0.5466,0.324561403508772,-0.5529,0.30649219929542,-0.555,0.318327974276527
-0.542962,0.326023391812865,-0.549253,0.308002013085053,-0.55135,0.321543408360129
-0.539324,0.326023391812865,-0.545606,0.310518369401107,-0.5477,0.322347266881029
-0.535686,0.330409356725146,-0.541959,0.311524911927529,-0.54405,0.322347266881029
-0.532048,0.330409356725146,-0.538312,0.312531454453951,-0.5404,0.323553054662379
-0.52841,0.33187134502924,-0.534665,0.315047810770005,-0.53675,0.32596463022508
-0.524772,0.333333333333333,-0.531018,0.316557624559638,-0.5331,0.327974276527331
-0.521134,0.333333333333333,-0.527371,0.319577252138903,-0.52945,0.329983922829582
-0.517496,0.334795321637427,-0.523724,0.319577252138903,-0.5258,0.331993569131833
-0.513858,0.33625730994152,-0.520077,0.320583794665325,-0.52215,0.334405144694534
-0.51022,0.33625730994152,-0.51643,0.321590337191746,-0.5185,0.335209003215434
-0.506582,0.337719298245614,-0.512783,0.323100150981379,-0.51485,0.336012861736334
-0.502944,0.339181286549708,-0.509136,0.324609964771012,-0.5112,0.336414790996785
-0.499306,0.343567251461988,-0.505489,0.325616507297433,-0.50755,0.336816720257235
-0.495668,0.345029239766082,-0.501842,0.325616507297433,-0.5039,0.337218649517685
-0.49203,0.346491228070175,-0.498195,0.328132863613488,-0.50025,0.340836012861736
-0.488392,0.347953216374269,-0.494548,0.32964267740312,-0.4966,0.343649517684887
-0.484754,0.349415204678363,-0.490901,0.330145948666331,-0.49295,0.346864951768489
-0.481116,0.350877192982456,-0.487254,0.331655762455964,-0.4893,0.35008038585209
-0.477478,0.35233918128655,-0.483607,0.333668847508807,-0.48565,0.351688102893891
-0.47384,0.35233918128655,-0.47996,0.334172118772018,-0.482,0.353295819935691
-0.470202,0.35233918128655,-0.476313,0.336185203824862,-0.47835,0.354501607717042
-0.466564,0.35233918128655,-0.472666,0.337191746351283,-0.4747,0.355707395498392
-0.462926,0.35233918128655,-0.469019,0.338701560140916,-0.47105,0.356913183279743
-0.459288,0.35233918128655,-0.465372,0.339708102667338,-0.4674,0.359324758842444
-0.45565,0.353801169590643,-0.461725,0.341721187720181,-0.46375,0.360932475884244
-0.452012,0.355263157894737,-0.458078,0.342727730246603,-0.4601,0.363745980707395
-0.448374,0.35672514619883,-0.454431,0.346250629089079,-0.45645,0.364549839228296
-0.444736,0.35672514619883,-0.450784,0.348263714141922,-0.4528,0.364951768488746
-0.441098,0.35672514619883,-0.447137,0.348766985405133,-0.44915,0.364951768488746
-0.43746,0.358187134502924,-0.44349,0.350276799194766,-0.4455,0.366157556270096
-0.433822,0.359649122807018,-0.439843,0.350780070457977,-0.44185,0.367765273311897
-0.430184,0.361111111111111,-0.436196,0.350780070457977,-0.4382,0.369372990353698
-0.426546,0.361111111111111,-0.432549,0.35279315551082,-0.43455,0.370578778135048
-0.422908,0.361111111111111,-0.428902,0.357322596879718,-0.4309,0.372186495176849
-0.41927,0.364035087719298,-0.425255,0.359838953195773,-0.42725,0.37379421221865
-0.415632,0.371345029239766,-0.421608,0.363865123301459,-0.4236,0.3741961414791
-0.411994,0.371345029239766,-0.417961,0.365374937091092,-0.41995,0.3758038585209
-0.408356,0.371345029239766,-0.414314,0.366884750880725,-0.4163,0.379019292604502
-0.404718,0.374269005847953,-0.410667,0.367891293407146,-0.41265,0.379823151125402
-0.40108,0.374269005847953,-0.40702,0.369401107196779,-0.409,0.381430868167203
-0.397442,0.37719298245614,-0.403373,0.36990437845999,-0.40535,0.383038585209003
-0.393804,0.381578947368421,-0.399726,0.370910920986412,-0.4017,0.384244372990354
-0.390166,0.383040935672515,-0.396079,0.372420734776044,-0.39805,0.386655948553055
-0.386528,0.383040935672515,-0.392432,0.37544036235531,-0.3944,0.387861736334405
-0.38289,0.384502923976608,-0.388785,0.377956718671364,-0.39075,0.389469453376206
-0.379252,0.384502923976608,-0.385138,0.379969803724207,-0.3871,0.393488745980707
-0.375614,0.384502923976608,-0.381491,0.380473074987418,-0.38345,0.397508038585209
-0.371976,0.384502923976608,-0.377844,0.38147961751384,-0.3798,0.40112540192926
-0.368338,0.385964912280702,-0.374197,0.384499245093105,-0.37615,0.402331189710611
-0.3647,0.387426900584795,-0.37055,0.38701560140916,-0.3725,0.404742765273312
-0.361062,0.387426900584795,-0.366903,0.388525415198792,-0.36885,0.406752411575563
-0.357424,0.390350877192982,-0.363256,0.392048314041268,-0.3652,0.409163987138264
-0.353786,0.391812865497076,-0.359609,0.39305485656769,-0.36155,0.409967845659164
-0.350148,0.39327485380117,-0.355962,0.398087569199799,-0.3579,0.412379421221865
-0.34651,0.39327485380117,-0.352315,0.39859084046301,-0.35425,0.413585209003215
-0.342872,0.39327485380117,-0.348668,0.39909411172622,-0.3506,0.414389067524116
-0.339234,0.39327485380117,-0.345021,0.399597382989431,-0.34695,0.414790996784566
-0.335596,0.39327485380117,-0.341374,0.400100654252642,-0.3433,0.415192926045016
-0.331958,0.39327485380117,-0.337727,0.400603925515853,-0.33965,0.415192926045016
-0.32832,0.39327485380117,-0.33408,0.401107196779064,-0.336,0.415594855305466
-0.324682,0.39327485380117,-0.330433,0.401107196779064,-0.33235,0.415996784565916
-0.321044,0.39327485380117,-0.326786,0.401610468042275,-0.3287,0.416800643086817
-0.317406,0.39327485380117,-0.323139,0.402113739305486,-0.32505,0.416800643086817
-0.313768,0.39327485380117,-0.319492,0.403120281831907,-0.3214,0.416800643086817
-0.31013,0.39327485380117,-0.315845,0.403623553095118,-0.31775,0.416800643086817
-0.306492,0.394736842105263,-0.312198,0.403623553095118,-0.3141,0.416800643086817
-0.302854,0.394736842105263,-0.308551,0.404126824358329,-0.31045,0.416800643086817
-0.299216,0.394736842105263,-0.304904,0.404126824358329,-0.3068,0.417202572347267
-0.295578,0.394736842105263,-0.301257,0.404126824358329,-0.30315,0.417604501607717
-0.29194,0.394736842105263,-0.29761,0.40463009562154,-0.2995,0.417604501607717
-0.288302,0.396198830409357,-0.293963,0.405133366884751,-0.29585,0.417604501607717
-0.284664,0.39766081871345,-0.290316,0.406139909411173,-0.2922,0.418006430868167
-0.281026,0.399122807017544,-0.286669,0.406139909411173,-0.28855,0.418006430868167
-0.277388,0.400584795321637,-0.283022,0.407146451937594,-0.2849,0.418006430868167
-0.27375,0.402046783625731,-0.279375,0.407649723200805,-0.28125,0.418006430868167
-0.270112,0.402046783625731,-0.275728,0.407649723200805,-0.2776,0.418006430868167
-0.266474,0.402046783625731,-0.272081,0.407649723200805,-0.27395,0.418006430868167
-0.262836,0.402046783625731,-0.268434,0.407649723200805,-0.2703,0.418006430868167
-0.259198,0.403508771929825,-0.264787,0.408656265727227,-0.26665,0.418408360128617
-0.25556,0.403508771929825,-0.26114,0.408656265727227,-0.263,0.418810289389068
-0.251922,0.403508771929825,-0.257493,0.408656265727227,-0.25935,0.419212218649518
-0.248284,0.406432748538012,-0.253846,0.409159536990438,-0.2557,0.419614147909968
-0.244646,0.406432748538012,-0.250199,0.409159536990438,-0.25205,0.419614147909968
-0.241008,0.406432748538012,-0.246552,0.409662808253649,-0.2484,0.419614147909968
-0.23737,0.406432748538012,-0.242905,0.409662808253649,-0.24475,0.420016077170418
-0.233732,0.409356725146199,-0.239258,0.409662808253649,-0.2411,0.420418006430868
-0.230094,0.410818713450292,-0.235611,0.409662808253649,-0.23745,0.420418006430868
-0.226456,0.410818713450292,-0.231964,0.409662808253649,-0.2338,0.420819935691318
-0.222818,0.410818713450292,-0.228317,0.409662808253649,-0.23015,0.420819935691318
-0.21918,0.410818713450292,-0.22467,0.41066935078007,-0.2265,0.422025723472669
-0.215542,0.410818713450292,-0.221023,0.41066935078007,-0.22285,0.422025723472669
-0.211904,0.412280701754386,-0.217376,0.411172622043281,-0.2192,0.422025723472669
-0.208266,0.412280701754386,-0.213729,0.411675893306492,-0.21555,0.422427652733119
-0.204628,0.412280701754386,-0.210082,0.411675893306492,-0.2119,0.422427652733119
-0.20099,0.412280701754386,-0.206435,0.411675893306492,-0.20825,0.422427652733119
-0.197352,0.412280701754386,-0.202788,0.412179164569703,-0.2046,0.423231511254019
-0.193714,0.412280701754386,-0.199141,0.412179164569703,-0.20095,0.423231511254019
-0.190076,0.412280701754386,-0.195494,0.412682435832914,-0.1973,0.423633440514469
-0.186438,0.412280701754386,-0.191847,0.413688978359336,-0.19365,0.423633440514469
-0.1828,0.412280701754386,-0.1882,0.413688978359336,-0.19,0.42403536977492
-0.179162,0.412280701754386,-0.184553,0.413688978359336,-0.18635,0.42403536977492
-0.175524,0.412280701754386,-0.180906,0.413688978359336,-0.1827,0.42443729903537
-0.171886,0.41374269005848,-0.177259,0.414192249622547,-0.17905,0.42483922829582
-0.168248,0.41374269005848,-0.173612,0.414192249622547,-0.1754,0.42483922829582
-0.16461,0.41374269005848,-0.169965,0.414695520885757,-0.17175,0.42524115755627
-0.160972,0.41374269005848,-0.166318,0.415702063412179,-0.1681,0.42524115755627
-0.157334,0.41374269005848,-0.162671,0.416708605938601,-0.16445,0.42524115755627
-0.153696,0.41374269005848,-0.159024,0.416708605938601,-0.1608,0.42604501607717
-0.150058,0.41374269005848,-0.155377,0.416708605938601,-0.15715,0.42604501607717
-0.14642,0.41374269005848,-0.15173,0.416708605938601,-0.1535,0.42604501607717
-0.142782,0.41374269005848,-0.148083,0.416708605938601,-0.14985,0.426848874598071
-0.139144,0.41374269005848,-0.144436,0.417715148465023,-0.1462,0.427250803858521
-0.135506,0.41374269005848,-0.140789,0.417715148465023,-0.14255,0.427250803858521
-0.131868,0.415204678362573,-0.137142,0.418218419728234,-0.1389,0.427250803858521
-0.12823,0.415204678362573,-0.133495,0.419224962254655,-0.13525,0.427250803858521
-0.124592,0.415204678362573,-0.129848,0.419728233517866,-0.1316,0.427250803858521
-0.120954,0.415204678362573,-0.126201,0.420231504781077,-0.12795,0.427652733118971
-0.117316,0.416666666666667,-0.122554,0.420231504781077,-0.1243,0.428858520900322
-0.113678,0.416666666666667,-0.118907,0.421238047307499,-0.12065,0.429662379421222
-0.11004,0.416666666666667,-0.11526,0.421238047307499,-0.117,0.429662379421222
-0.106402,0.41812865497076,-0.111613,0.421238047307499,-0.11335,0.430064308681672
-0.102764,0.41812865497076,-0.107966,0.42174131857071,-0.1097,0.430868167202572
-0.0991260000000003,0.41812865497076,-0.104319,0.42174131857071,-0.10605,0.430868167202572
-0.0954880000000002,0.41812865497076,-0.100672,0.42174131857071,-0.1024,0.431270096463023
-0.0918500000000002,0.419590643274854,-0.0970250000000001,0.42224458983392,-0.0987500000000001,0.432877813504823
-0.0882120000000002,0.421052631578947,-0.0933780000000002,0.422747861097131,-0.0951000000000002,0.432877813504823
-0.0845740000000001,0.421052631578947,-0.0897310000000002,0.423251132360342,-0.09145,0.433681672025723
-0.0809360000000003,0.421052631578947,-0.0860840000000003,0.423251132360342,-0.0878000000000001,0.433681672025723
-0.0772980000000003,0.421052631578947,-0.0824370000000001,0.424257674886764,-0.0841500000000002,0.434083601286174
-0.0736600000000003,0.421052631578947,-0.0787900000000001,0.424760946149975,-0.0805,0.435691318327974
-0.0700220000000003,0.421052631578947,-0.0751430000000002,0.425264217413186,-0.0768500000000001,0.436093247588424
-0.0663840000000002,0.421052631578947,-0.0714960000000002,0.425767488676397,-0.0732000000000002,0.437299035369775
-0.0627460000000002,0.421052631578947,-0.0678490000000003,0.426774031202818,-0.0695500000000002,0.437700964630225
-0.0591080000000002,0.421052631578947,-0.0642020000000001,0.42778057372924,-0.0659000000000001,0.438504823151125
-0.0554700000000001,0.421052631578947,-0.0605550000000001,0.428283844992451,-0.0622500000000001,0.438504823151125
-0.0518320000000003,0.421052631578947,-0.0569080000000002,0.428283844992451,-0.0586000000000002,0.438504823151125
-0.0481940000000003,0.421052631578947,-0.0532610000000002,0.428787116255662,-0.0549500000000001,0.438906752411576
-0.0445560000000003,0.421052631578947,-0.0496140000000003,0.428787116255662,-0.0513000000000001,0.438906752411576
-0.0409180000000002,0.421052631578947,-0.0459670000000001,0.429290387518873,-0.0476500000000002,0.438906752411576
-0.0372800000000002,0.421052631578947,-0.0423200000000001,0.429290387518873,-0.044,0.438906752411576
-0.0336420000000002,0.422514619883041,-0.0386730000000002,0.429793658782084,-0.0403500000000001,0.439308681672026
-0.0300040000000001,0.422514619883041,-0.0350260000000002,0.429793658782084,-0.0367000000000002,0.439308681672026
-0.0263660000000003,0.423976608187135,-0.0313790000000003,0.429793658782084,-0.03305,0.439710610932476
-0.0227280000000003,0.423976608187135,-0.0277320000000001,0.429793658782084,-0.0294000000000001,0.439710610932476
-0.0190900000000003,0.423976608187135,-0.0240850000000001,0.429793658782084,-0.0257500000000002,0.441318327974277
-0.0154520000000002,0.425438596491228,-0.0204380000000002,0.429793658782084,-0.0221,0.442122186495177
-0.0118140000000002,0.428362573099415,-0.0167910000000002,0.430800201308505,-0.0184500000000001,0.442926045016077
-0.00817600000000018,0.431286549707602,-0.0131440000000003,0.431806743834927,-0.0148000000000001,0.444935691318328
-0.00453800000000015,0.432748538011696,-0.00949700000000009,0.432310015098138,-0.0111500000000002,0.446141479099678
-0.000900000000000345,0.432748538011696,-0.00585000000000013,0.432813286361349,-0.00750000000000006,0.448151125401929
0.00273799999999969,0.432748538011696,-0.00220300000000018,0.43331655762456,-0.00385000000000013,0.451366559485531
0.00637599999999972,0.434210526315789,0.00144399999999978,0.43381982888777,-0.0002000000000002,0.452170418006431
0.0100139999999997,0.434210526315789,0.00509099999999973,0.435329642677403,0.00344999999999995,0.453376205787781
0.0136519999999998,0.437134502923977,0.00873799999999991,0.435329642677403,0.00709999999999988,0.454983922829582
0.0172899999999998,0.43859649122807,0.0123849999999999,0.436336185203825,0.0107499999999998,0.456591639871383
0.0209279999999998,0.43859649122807,0.0160319999999998,0.436336185203825,0.0144,0.458199356913183
0.0245659999999999,0.440058479532164,0.0196789999999998,0.437342727730247,0.0180499999999999,0.460610932475884
0.0282039999999997,0.441520467836257,0.0233259999999997,0.437845998993457,0.0216999999999998,0.461816720257235
0.0318419999999997,0.441520467836257,0.0269729999999999,0.438349270256668,0.02535,0.461816720257235
0.0354799999999997,0.441520467836257,0.0306199999999999,0.439859084046301,0.0289999999999999,0.462218649517685
0.0391179999999998,0.441520467836257,0.0342669999999998,0.440865626572723,0.0326499999999998,0.462620578778135
0.0427559999999998,0.441520467836257,0.0379139999999998,0.441368897835934,0.0362999999999998,0.462620578778135
0.0463939999999998,0.442982456140351,0.0415609999999997,0.441872169099144,0.0399499999999999,0.463022508038585
0.0500319999999999,0.442982456140351,0.0452079999999999,0.441872169099144,0.0435999999999999,0.464228295819936
0.0536699999999997,0.444444444444444,0.0488549999999999,0.443885254151988,0.0472499999999998,0.464228295819936
0.0573079999999997,0.444444444444444,0.0525019999999998,0.443885254151988,0.0508999999999999,0.464630225080386
0.0609459999999997,0.444444444444444,0.0561489999999998,0.44489179667841,0.0545499999999999,0.464630225080386
0.0645839999999998,0.445906432748538,0.0597959999999997,0.445898339204831,0.0581999999999998,0.466237942122186
0.0682219999999998,0.445906432748538,0.0634429999999999,0.445898339204831,0.06185,0.466237942122186
0.0718599999999998,0.445906432748538,0.0670899999999999,0.446401610468042,0.0654999999999999,0.467041800643087
0.0754979999999998,0.447368421052632,0.0707369999999998,0.446401610468042,0.0691499999999998,0.467041800643087
0.0791359999999997,0.447368421052632,0.0743839999999998,0.447408152994464,0.0728,0.467041800643087
0.0827739999999997,0.447368421052632,0.0780309999999997,0.447408152994464,0.0764499999999999,0.467041800643087
0.0864119999999997,0.447368421052632,0.0816779999999999,0.447911424257675,0.0800999999999998,0.467845659163987
0.0900499999999997,0.447368421052632,0.0853249999999999,0.448414695520886,0.08375,0.467845659163987
0.0936879999999998,0.448830409356725,0.0889719999999998,0.448917966784097,0.0873999999999999,0.467845659163987
0.0973259999999998,0.448830409356725,0.0926189999999998,0.448917966784097,0.0910499999999999,0.468247588424437
0.100964,0.448830409356725,0.0962659999999997,0.448917966784097,0.0946999999999998,0.468247588424437
0.104602,0.448830409356725,0.0999129999999997,0.448917966784097,0.0983499999999999,0.469051446945338
0.10824,0.448830409356725,0.10356,0.448917966784097,0.102,0.469051446945338
0.111878,0.450292397660819,0.107207,0.449421238047307,0.10565,0.469051446945338
0.115516,0.451754385964912,0.110854,0.449924509310518,0.1093,0.469051446945338
0.119154,0.451754385964912,0.114501,0.450427780573729,0.11295,0.469051446945338
0.122792,0.453216374269006,0.118148,0.450427780573729,0.1166,0.469051446945338
0.12643,0.453216374269006,0.121795,0.45093105183694,0.12025,0.469453376205788
0.130068,0.453216374269006,0.125442,0.45093105183694,0.1239,0.470257234726688
0.133706,0.454678362573099,0.129089,0.452944136889784,0.12755,0.470659163987138
0.137344,0.454678362573099,0.132736,0.453950679416205,0.1312,0.471463022508039
0.140982,0.454678362573099,0.136383,0.454957221942627,0.13485,0.472668810289389
0.14462,0.454678362573099,0.14003,0.455963764469049,0.1385,0.473070739549839
0.148258,0.456140350877193,0.143677,0.45646703573226,0.14215,0.47387459807074
0.151896,0.456140350877193,0.147324,0.457473578258681,0.1458,0.47467845659164
0.155534,0.456140350877193,0.150971,0.457976849521892,0.14945,0.47508038585209
0.159172,0.457602339181287,0.154618,0.458480120785103,0.1531,0.47508038585209
0.16281,0.45906432748538,0.158265,0.459486663311525,0.15675,0.476688102893891
0.166448,0.45906432748538,0.161912,0.461499748364368,0.1604,0.478295819935691
0.170086,0.45906432748538,0.165559,0.461499748364368,0.16405,0.479099678456592
0.173724,0.45906432748538,0.169206,0.462003019627579,0.1677,0.479501607717042
0.177362,0.460526315789474,0.172853,0.46250629089079,0.17135,0.479903536977492
0.181,0.460526315789474,0.1765,0.463512833417212,0.175,0.481511254019293
0.184638,0.460526315789474,0.180147,0.465525918470055,0.17865,0.482315112540193
0.188276,0.461988304093567,0.183794,0.465525918470055,0.1823,0.482717041800643
0.191914,0.461988304093567,0.187441,0.466029189733266,0.18595,0.483118971061093
0.195552,0.461988304093567,0.191088,0.467035732259688,0.1896,0.484726688102894
0.19919,0.461988304093567,0.194735,0.467539003522899,0.19325,0.484726688102894
0.202828,0.467836257309941,0.198382,0.468545546049321,0.1969,0.486334405144695
0.206466,0.467836257309941,0.202029,0.470055359838953,0.20055,0.487138263665595
0.210104,0.467836257309941,0.205676,0.470055359838953,0.2042,0.487540192926045
0.213742,0.469298245614035,0.209323,0.471061902365375,0.20785,0.487540192926045
0.21738,0.469298245614035,0.21297,0.471061902365375,0.2115,0.488344051446945
0.221018,0.470760233918129,0.216617,0.471565173628586,0.21515,0.489549839228296
0.224656,0.470760233918129,0.220264,0.472571716155008,0.2188,0.491157556270096
0.228294,0.470760233918129,0.223911,0.472571716155008,0.22245,0.491961414790997
0.231932,0.470760233918129,0.227558,0.474584801207851,0.2261,0.493569131832797
0.23557,0.470760233918129,0.231205,0.475088072471062,0.22975,0.494372990353698
0.239208,0.470760233918129,0.234852,0.475591343734273,0.2334,0.495980707395498
0.242846,0.472222222222222,0.238499,0.476094614997484,0.23705,0.496784565916399
0.246484,0.472222222222222,0.242146,0.477604428787116,0.2407,0.497186495176849
0.250122,0.473684210526316,0.245793,0.478107700050327,0.24435,0.4991961414791
0.25376,0.475146198830409,0.24944,0.478107700050327,0.248,0.5
0.257398,0.475146198830409,0.253087,0.478107700050327,0.25165,0.5
0.261036,0.475146198830409,0.256734,0.478610971313538,0.2553,0.5008038585209
0.264674,0.475146198830409,0.260381,0.478610971313538,0.25895,0.502009646302251
0.268312,0.475146198830409,0.264028,0.478610971313538,0.2626,0.502009646302251
0.27195,0.475146198830409,0.267675,0.478610971313538,0.26625,0.502009646302251
0.275588,0.475146198830409,0.271322,0.478610971313538,0.2699,0.502009646302251
0.279226,0.475146198830409,0.274969,0.478610971313538,0.27355,0.502411575562701
0.282864,0.475146198830409,0.278616,0.47961751383996,0.2772,0.502813504823151
0.286502,0.476608187134503,0.282263,0.47961751383996,0.28085,0.503617363344051
0.29014,0.478070175438596,0.28591,0.480120785103171,0.2845,0.504019292604502
0.293778,0.478070175438596,0.289557,0.481127327629592,0.28815,0.504421221864952
0.297416,0.478070175438596,0.293204,0.481630598892803,0.2918,0.505225080385852
0.301054,0.478070175438596,0.296851,0.482637141419225,0.29545,0.506028938906752
0.304692,0.478070175438596,0.300498,0.483140412682436,0.2991,0.506430868167203
0.30833,0.478070175438596,0.304145,0.483643683945647,0.30275,0.506430868167203
0.311968,0.478070175438596,0.307792,0.484146955208858,0.3064,0.506430868167203
0.315606,0.478070175438596,0.311439,0.484146955208858,0.31005,0.506430868167203
0.319244,0.478070175438596,0.315086,0.485153497735279,0.3137,0.506832797427653
0.322882,0.478070175438596,0.318733,0.485153497735279,0.31735,0.506832797427653
0.32652,0.478070175438596,0.32238,0.485153497735279,0.321,0.507234726688103
0.330158,0.478070175438596,0.326027,0.48565676899849,0.32465,0.507636655948553
0.333796,0.47953216374269,0.329674,0.486160040261701,0.3283,0.508038585209003
0.337434,0.47953216374269,0.333321,0.486160040261701,0.33195,0.508440514469453
0.341072,0.47953216374269,0.336968,0.486663311524912,0.3356,0.508440514469453
0.34471,0.47953216374269,0.340615,0.487166582788123,0.33925,0.508440514469453
0.348348,0.47953216374269,0.344262,0.487166582788123,0.3429,0.509244372990354
0.351986,0.47953216374269,0.347909,0.487669854051334,0.34655,0.509244372990354
0.355624,0.47953216374269,0.351556,0.487669854051334,0.3502,0.509244372990354
0.359262,0.47953216374269,0.355203,0.488173125314545,0.35385,0.510048231511254
0.3629,0.47953216374269,0.35885,0.488676396577755,0.3575,0.510852090032154
0.366538,0.47953216374269,0.362497,0.488676396577755,0.36115,0.510852090032154
0.370176,0.480994152046784,0.366144,0.488676396577755,0.3648,0.510852090032154
0.373814,0.480994152046784,0.369791,0.488676396577755,0.36845,0.511655948553055
0.377452,0.480994152046784,0.373438,0.488676396577755,0.3721,0.511655948553055
0.38109,0.480994152046784,0.377085,0.488676396577755,0.37575,0.512861736334405
0.384728,0.480994152046784,0.380732,0.488676396577755,0.3794,0.513263665594855
0.388366,0.480994152046784,0.384379,0.489682939104177,0.38305,0.513665594855305
0.392004,0.480994152046784,0.388026,0.489682939104177,0.3867,0.514067524115756
0.395642,0.480994152046784,0.391673,0.490689481630599,0.39035,0.514067524115756
0.39928,0.480994152046784,0.39532,0.490689481630599,0.394,0.514469453376206
0.402918,0.480994152046784,0.398967,0.49119275289381,0.39765,0.515273311897106
0.406556,0.480994152046784,0.402614,0.491696024157021,0.4013,0.515675241157556
0.410194,0.480994152046784,0.406261,0.493205837946653,0.40495,0.515675241157556
0.413832,0.480994152046784,0.409908,0.493205837946653,0.4086,0.516077170418006
0.41747,0.480994152046784,0.413555,0.493205837946653,0.41225,0.516077170418006
0.421108,0.480994152046784,0.417202,0.493205837946653,0.4159,0.516881028938907
0.424746,0.480994152046784,0.420849,0.493709109209864,0.41955,0.516881028938907
0.428384,0.482456140350877,0.424496,0.493709109209864,0.4232,0.516881028938907
0.432022,0.482456140350877,0.428143,0.493709109209864,0.42685,0.516881028938907
0.43566,0.482456140350877,0.43179,0.493709109209864,0.4305,0.516881028938907
0.439298,0.482456140350877,0.435437,0.494212380473075,0.43415,0.516881028938907
0.442936,0.482456140350877,0.439084,0.494212380473075,0.4378,0.516881028938907
0.446574,0.483918128654971,0.442731,0.494212380473075,0.44145,0.516881028938907
0.450212,0.483918128654971,0.446378,0.494212380473075,0.4451,0.516881028938907
0.45385,0.485380116959064,0.450025,0.494715651736286,0.44875,0.516881028938907
0.457488,0.485380116959064,0.453672,0.494715651736286,0.4524,0.516881028938907
0.461126,0.486842105263158,0.457319,0.494715651736286,0.45605,0.516881028938907
0.464764,0.486842105263158,0.460966,0.494715651736286,0.4597,0.516881028938907
0.468402,0.486842105263158,0.464613,0.494715651736286,0.46335,0.516881028938907
0.47204,0.486842105263158,0.46826,0.494715651736286,0.467,0.516881028938907
0.475678,0.486842105263158,0.471907,0.494715651736286,0.47065,0.517282958199357
0.479316,0.488304093567251,0.475554,0.494715651736286,0.4743,0.517282958199357
0.482954,0.488304093567251,0.479201,0.495218922999497,0.47795,0.518086816720257
0.486592,0.491228070175439,0.482848,0.495722194262708,0.4816,0.518086816720257
0.49023,0.491228070175439,0.486495,0.496225465525918,0.48525,0.518086816720257
0.493868,0.491228070175439,0.490142,0.497735279315551,0.4889,0.518086816720257
0.497506,0.491228070175439,0.493789,0.498238550578762,0.49255,0.518488745980707
0.501144,0.491228070175439,0.497436,0.499245093105184,0.4962,0.518890675241158
0.504782,0.491228070175439,0.501083,0.499245093105184,0.49985,0.518890675241158
0.50842,0.492690058479532,0.50473,0.499748364368395,0.5035,0.519292604501608
0.512058,0.492690058479532,0.508377,0.500754906894816,0.50715,0.519292604501608
0.515696,0.492690058479532,0.512024,0.500754906894816,0.5108,0.519292604501608
0.519334,0.492690058479532,0.515671,0.500754906894816,0.51445,0.519292604501608
0.522972,0.492690058479532,0.519318,0.500754906894816,0.5181,0.519292604501608
0.52661,0.492690058479532,0.522965,0.501761449421238,0.52175,0.519292604501608
0.530248,0.492690058479532,0.526612,0.502264720684449,0.5254,0.519694533762058
0.533886,0.492690058479532,0.530259,0.502264720684449,0.52905,0.519694533762058
0.537524,0.492690058479532,0.533906,0.502264720684449,0.5327,0.520900321543408
0.541162,0.492690058479532,0.537553,0.50276799194766,0.53635,0.520900321543408
0.5448,0.494152046783626,0.5412,0.50276799194766,0.54,0.522508038585209
0.548438,0.494152046783626,0.544847,0.50276799194766,0.54365,0.522508038585209
0.552076,0.494152046783626,0.548494,0.50276799194766,0.5473,0.522508038585209
0.555714,0.494152046783626,0.552141,0.50276799194766,0.55095,0.522508038585209
0.559352,0.495614035087719,0.555788,0.503271263210871,0.5546,0.522508038585209
0.56299,0.495614035087719,0.559435,0.503774534474081,0.55825,0.522508038585209
0.566628,0.495614035087719,0.563082,0.503774534474081,0.5619,0.522909967845659
0.570266,0.495614035087719,0.566729,0.503774534474081,0.56555,0.522909967845659
0.573904,0.495614035087719,0.570376,0.503774534474081,0.5692,0.522909967845659
0.577542,0.495614035087719,0.574023,0.503774534474081,0.57285,0.522909967845659
0.58118,0.495614035087719,0.57767,0.504277805737292,0.5765,0.523311897106109
0.584818,0.495614035087719,0.581317,0.505787619526925,0.58015,0.523713826366559
0.588456,0.495614035087719,0.584964,0.505787619526925,0.5838,0.52411575562701
0.592094,0.495614035087719,0.588611,0.505787619526925,0.58745,0.52451768488746
0.595732,0.497076023391813,0.592258,0.505787619526925,0.5911,0.52451768488746
0.59937,0.497076023391813,0.595905,0.505787619526925,0.59475,0.52451768488746
0.603008,0.498538011695906,0.599552,0.506290890790136,0.5984,0.52612540192926
0.606646,0.5,0.603199,0.506794162053347,0.60205,0.52612540192926
0.610284,0.502923976608187,0.606846,0.506794162053347,0.6057,0.52612540192926
0.613922,0.505847953216374,0.610493,0.506794162053347,0.60935,0.52612540192926
0.61756,0.505847953216374,0.61414,0.506794162053347,0.613,0.526527331189711
0.621198,0.505847953216374,0.617787,0.507800704579768,0.61665,0.526527331189711
0.624836,0.508771929824561,0.621434,0.508303975842979,0.6203,0.526527331189711
0.628474,0.508771929824561,0.625081,0.508303975842979,0.62395,0.526527331189711
0.632112,0.508771929824561,0.628728,0.508303975842979,0.6276,0.526527331189711
0.63575,0.508771929824561,0.632375,0.50880724710619,0.63125,0.526527331189711
0.639388,0.508771929824561,0.636022,0.509813789632612,0.6349,0.526527331189711
0.643026,0.508771929824561,0.639669,0.509813789632612,0.63855,0.526527331189711
0.646664,0.508771929824561,0.643316,0.510317060895823,0.6422,0.526527331189711
0.650302,0.508771929824561,0.646963,0.510317060895823,0.64585,0.526527331189711
0.65394,0.508771929824561,0.65061,0.511323603422245,0.6495,0.526929260450161
0.657578,0.510233918128655,0.654257,0.511323603422245,0.65315,0.527331189710611
0.661216,0.511695906432749,0.657904,0.511323603422245,0.6568,0.528536977491961
0.664854,0.513157894736842,0.661551,0.511323603422245,0.66045,0.528536977491961
0.668492,0.513157894736842,0.665198,0.512330145948666,0.6641,0.528938906752412
0.67213,0.513157894736842,0.668845,0.513336688475088,0.66775,0.529340836012862
0.675768,0.513157894736842,0.672492,0.513839959738299,0.6714,0.529742765273312
0.679406,0.513157894736842,0.676139,0.51434323100151,0.67505,0.530144694533762
0.683044,0.514619883040936,0.679786,0.515853044791142,0.6787,0.530144694533762
0.686682,0.514619883040936,0.683433,0.516356316054353,0.68235,0.530546623794212
0.69032,0.514619883040936,0.68708,0.516356316054353,0.686,0.531350482315113
0.693958,0.514619883040936,0.690727,0.517866129843986,0.68965,0.531350482315113
0.697596,0.514619883040936,0.694374,0.517866129843986,0.6933,0.531350482315113
0.701234,0.514619883040936,0.698021,0.518369401107197,0.69695,0.531350482315113
0.704872,0.514619883040936,0.701668,0.518369401107197,0.7006,0.532154340836013
0.70851,0.514619883040936,0.705315,0.518369401107197,0.70425,0.532556270096463
0.712148,0.514619883040936,0.708962,0.518369401107197,0.7079,0.532556270096463
0.715786,0.514619883040936,0.712609,0.518369401107197,0.71155,0.532556270096463
0.719424,0.514619883040936,0.716256,0.518872672370408,0.7152,0.532556270096463
0.723062,0.514619883040936,0.719903,0.518872672370408,0.71885,0.532958199356913
0.7267,0.514619883040936,0.72355,0.518872672370408,0.7225,0.533360128617363
0.730337999999999,0.514619883040936,0.727197,0.518872672370408,0.72615,0.533360128617363
0.733976,0.514619883040936,0.730844,0.519375943633618,0.7298,0.533360128617363
0.737614,0.514619883040936,0.734491,0.519375943633618,0.73345,0.534163987138264
0.741252,0.516081871345029,0.738138,0.519375943633618,0.7371,0.534565916398714
0.74489,0.517543859649123,0.741785,0.519879214896829,0.74075,0.535771704180064
0.748528,0.517543859649123,0.745432,0.52038248616004,0.7444,0.536173633440514
0.752166,0.519005847953216,0.749079,0.520885757423251,0.74805,0.536575562700965
0.755804,0.519005847953216,0.752726,0.520885757423251,0.7517,0.536575562700965
0.759442,0.519005847953216,0.756373,0.521389028686462,0.75535,0.536575562700965
0.76308,0.519005847953216,0.76002,0.521389028686462,0.759,0.536977491961415
0.766718,0.519005847953216,0.763667,0.521892299949673,0.76265,0.536977491961415
0.770356,0.519005847953216,0.767314,0.523905385002516,0.7663,0.537379421221865
0.773994,0.519005847953216,0.770961,0.524911927528938,0.76995,0.537379421221865
0.777632,0.519005847953216,0.774608,0.524911927528938,0.7736,0.538183279742765
0.78127,0.519005847953216,0.778255,0.525415198792149,0.77725,0.538183279742765
0.784907999999999,0.52046783625731,0.781902,0.525415198792149,0.7809,0.538585209003215
0.788546,0.52046783625731,0.785549,0.526421741318571,0.78455,0.538585209003215
0.792184,0.52046783625731,0.789196,0.526421741318571,0.7882,0.540594855305466
0.795822,0.52046783625731,0.792843,0.526421741318571,0.79185,0.540996784565916
0.79946,0.52046783625731,0.79649,0.526421741318571,0.7955,0.541800643086817
0.803098,0.52046783625731,0.800137,0.526925012581782,0.79915,0.542202572347267
0.806736,0.521929824561403,0.803784,0.527428283844992,0.8028,0.542202572347267
0.810374,0.521929824561403,0.807431,0.527428283844992,0.80645,0.543408360128617
0.814012,0.521929824561403,0.811078,0.527428283844992,0.8101,0.543408360128617
0.81765,0.523391812865497,0.814725,0.527428283844992,0.81375,0.544614147909968
0.821288,0.526315789473684,0.818372,0.528434826371414,0.8174,0.545418006430868
0.824926,0.526315789473684,0.822019,0.528434826371414,0.82105,0.545819935691318
0.828564,0.526315789473684,0.825666,0.528938097634625,0.8247,0.546221864951768
0.832202,0.527777777777778,0.829313,0.530447911424258,0.82835,0.546221864951768
0.83584,0.527777777777778,0.83296,0.530447911424258,0.832,0.546623794212219
0.839478,0.527777777777778,0.836607,0.531454453950679,0.83565,0.547025723472669
0.843116,0.527777777777778,0.840254,0.531454453950679,0.8393,0.547427652733119
0.846754,0.529239766081871,0.843901,0.53195772521389,0.84295,0.547427652733119
0.850392,0.529239766081871,0.847548,0.533467539003523,0.8466,0.547427652733119
0.85403,0.532163742690059,0.851195,0.534474081529945,0.85025,0.547427652733119
0.857668,0.532163742690059,0.854842,0.535480624056366,0.8539,0.547829581993569
0.861306,0.532163742690059,0.858489,0.535983895319577,0.85755,0.548633440514469
0.864944,0.532163742690059,0.862136,0.536487166582788,0.8612,0.54903536977492
0.868582,0.532163742690059,0.865783,0.536990437845999,0.86485,0.54903536977492
0.87222,0.532163742690059,0.86943,0.53749370910921,0.8685,0.54903536977492
0.875858,0.533625730994152,0.873077,0.53749370910921,0.87215,0.54983922829582
0.879496,0.533625730994152,0.876724,0.53749370910921,0.8758,0.54983922829582
0.883134,0.533625730994152,0.880371,0.53749370910921,0.87945,0.55064308681672
0.886772,0.533625730994152,0.884018,0.53749370910921,0.8831,0.55064308681672
0.890409999999999,0.533625730994152,0.887665,0.53749370910921,0.88675,0.551446945337621
0.894048,0.536549707602339,0.891312,0.53749370910921,0.8904,0.551848874598071
0.897686,0.536549707602339,0.894959,0.53749370910921,0.89405,0.552250803858521
0.901324,0.536549707602339,0.898606,0.539003522898842,0.8977,0.553456591639871
0.904962,0.536549707602339,0.902253,0.539003522898842,0.90135,0.553858520900322
0.9086,0.536549707602339,0.9059,0.539003522898842,0.905,0.553858520900322
0.912238,0.536549707602339,0.909547,0.540010065425264,0.90865,0.553858520900322
0.915876,0.536549707602339,0.913194,0.540513336688475,0.9123,0.554260450160772
0.919514,0.536549707602339,0.916841,0.540513336688475,0.91595,0.554260450160772
0.923152,0.536549707602339,0.920488,0.540513336688475,0.9196,0.554662379421222
0.92679,0.536549707602339,0.924135,0.540513336688475,0.92325,0.555064308681672
0.930428,0.536549707602339,0.927782,0.540513336688475,0.9269,0.555064308681672
0.934066,0.536549707602339,0.931429,0.541016607951686,0.93055,0.555064308681672
0.937704,0.536549707602339,0.935076,0.541016607951686,0.9342,0.555466237942122
0.941342,0.536549707602339,0.938723,0.541016607951686,0.93785,0.555868167202572
0.944979999999999,0.536549707602339,0.94237,0.541016607951686,0.9415,0.556672025723473
0.948618,0.536549707602339,0.946017,0.541016607951686,0.94515,0.556672025723473
0.952256,0.536549707602339,0.949664,0.541519879214897,0.9488,0.556672025723473
0.955894,0.536549707602339,0.953311,0.542023150478108,0.95245,0.556672025723473
0.959532,0.536549707602339,0.956958,0.542023150478108,0.9561,0.557073954983923
0.96317,0.536549707602339,0.960605,0.542023150478108,0.95975,0.557073954983923
0.966808,0.538011695906433,0.964252,0.542526421741319,0.9634,0.557073954983923
0.970446,0.538011695906433,0.967899,0.542526421741319,0.96705,0.557475884244373
0.974084,0.538011695906433,0.971546,0.543029693004529,0.9707,0.557877813504823
0.977722,0.538011695906433,0.975193,0.544539506794162,0.97435,0.558279742765273
0.98136,0.538011695906433,0.97884,0.545042778057373,0.978,0.560289389067524
0.984998,0.538011695906433,0.982487,0.547055863110216,0.98165,0.560691318327974
0.988636,0.538011695906433,0.986134,0.547559134373427,0.9853,0.560691318327974
0.992274,0.538011695906433,0.989781,0.548565676899849,0.98895,0.562700964630225
0.995912,0.538011695906433,0.993428,0.550578761952693,0.9926,0.563504823151125
0.999549999999999,0.539473684210526,0.997075,0.552088575742325,0.99625,0.565112540192926
1.003188,0.539473684210526,1.000722,0.554604932058379,0.9999,0.566318327974277
1.006826,0.539473684210526,1.004369,0.555611474584801,1.00355,0.566720257234727
1.010464,0.54093567251462,1.008016,0.557624559637645,1.0072,0.568729903536977
1.014102,0.54093567251462,1.011663,0.558631102164066,1.01085,0.570337620578778
1.01774,0.54093567251462,1.01531,0.559637644690488,1.0145,0.570739549839228
1.021378,0.542397660818713,1.018957,0.561147458480121,1.01815,0.570739549839228
1.025016,0.543859649122807,1.022604,0.562154001006543,1.0218,0.571543408360129
1.028654,0.545321637426901,1.026251,0.563160543532964,1.02545,0.571945337620579
1.032292,0.546783625730994,1.029898,0.563160543532964,1.0291,0.573553054662379
1.03593,0.546783625730994,1.033545,0.563160543532964,1.03275,0.573553054662379
1.039568,0.546783625730994,1.037192,0.564670357322597,1.0364,0.57395498392283
1.043206,0.546783625730994,1.040839,0.564670357322597,1.04005,0.57435691318328
1.046844,0.546783625730994,1.044486,0.564670357322597,1.0437,0.57435691318328
1.050482,0.546783625730994,1.048133,0.564670357322597,1.04735,0.57516077170418
1.05412,0.546783625730994,1.05178,0.564670357322597,1.051,0.57516077170418
1.057758,0.546783625730994,1.055427,0.565173628585808,1.05465,0.57516077170418
1.061396,0.546783625730994,1.059074,0.56618017111223,1.0583,0.57556270096463
1.065034,0.546783625730994,1.062721,0.56618017111223,1.06195,0.57596463022508
1.068672,0.548245614035088,1.066368,0.56668344237544,1.0656,0.576768488745981
1.07231,0.551169590643275,1.070015,0.569199798691495,1.06925,0.577572347266881
1.075948,0.551169590643275,1.073662,0.569199798691495,1.0729,0.577974276527331
1.079586,0.552631578947368,1.077309,0.569199798691495,1.07655,0.578376205787781
1.083224,0.552631578947368,1.080956,0.570709612481127,1.0802,0.579180064308682
1.086862,0.552631578947368,1.084603,0.572722697533971,1.08385,0.580787781350482
1.0905,0.552631578947368,1.08825,0.572722697533971,1.0875,0.581189710610932
1.094138,0.552631578947368,1.091897,0.575239053850025,1.09115,0.581993569131833
1.097776,0.557017543859649,1.095544,0.575742325113236,1.0948,0.582395498392283
1.101414,0.559941520467836,1.099191,0.576245596376447,1.09845,0.586816720257235
1.105052,0.564327485380117,1.102838,0.57825868142929,1.1021,0.590836012861736
1.10869,0.567251461988304,1.106485,0.579768495218923,1.10575,0.593247588424437
1.112328,0.570175438596491,1.110132,0.582284851534977,1.1094,0.597266881028939
1.115966,0.574561403508772,1.113779,0.58379466532461,1.11305,0.60008038585209
1.119604,0.578947368421053,1.117426,0.587317564167086,1.1167,0.602090032154341
1.123242,0.583333333333333,1.121073,0.588324106693508,1.12035,0.603697749196141
1.12688,0.58625730994152,1.12472,0.590337191746351,1.124,0.604501607717042
1.130518,0.587719298245614,1.128367,0.590337191746351,1.12765,0.606109324758842
1.134156,0.587719298245614,1.132014,0.591343734272773,1.1313,0.606109324758842
1.137794,0.587719298245614,1.135661,0.592350276799195,1.13495,0.606913183279743
1.141432,0.587719298245614,1.139308,0.594363361852038,1.1386,0.606913183279743
1.14507,0.587719298245614,1.142955,0.594363361852038,1.14225,0.607315112540193
1.148708,0.590643274853801,1.146602,0.59536990437846,1.1459,0.607717041800643
1.152346,0.592105263157895,1.150249,0.595873175641671,1.14955,0.607717041800643
1.155984,0.592105263157895,1.153896,0.597886260694514,1.1532,0.607717041800643
1.159622,0.593567251461988,1.157543,0.597886260694514,1.15685,0.607717041800643
1.16326,0.593567251461988,1.16119,0.597886260694514,1.1605,0.607717041800643
1.166898,0.593567251461988,1.164837,0.597886260694514,1.16415,0.608520900321543
1.170536,0.593567251461988,1.168484,0.598389531957725,1.1678,0.608922829581994
1.174174,0.593567251461988,1.172131,0.598389531957725,1.17145,0.608922829581994
1.177812,0.593567251461988,1.175778,0.598892803220936,1.1751,0.609324758842444
1.18145,0.595029239766082,1.179425,0.598892803220936,1.17875,0.609726688102894
1.185088,0.595029239766082,1.183072,0.598892803220936,1.1824,0.610932475884244
1.188726,0.595029239766082,1.186719,0.598892803220936,1.18605,0.611334405144695
1.192364,0.595029239766082,1.190366,0.599396074484147,1.1897,0.611736334405145
1.196002,0.595029239766082,1.194013,0.599396074484147,1.19335,0.612540192926045
1.19964,0.595029239766082,1.19766,0.600402617010569,1.197,0.613344051446945
1.203278,0.595029239766082,1.201307,0.60140915953699,1.20065,0.613344051446945
1.206916,0.595029239766082,1.204954,0.60140915953699,1.2043,0.614147909967846
1.210554,0.595029239766082,1.208601,0.601912430800201,1.20795,0.614549839228296
1.214192,0.596491228070175,1.212248,0.602415702063412,1.2116,0.614549839228296
1.21783,0.596491228070175,1.215895,0.602918973326623,1.21525,0.615353697749196
1.221468,0.596491228070175,1.219542,0.603925515853045,1.2189,0.615755627009646
1.225106,0.599415204678363,1.223189,0.606441872169099,1.22255,0.616157556270096
1.228744,0.599415204678363,1.226836,0.607951685958732,1.2262,0.616559485530547
1.232382,0.599415204678363,1.230483,0.608454957221943,1.22985,0.616961414790997
1.23602,0.599415204678363,1.23413,0.609461499748364,1.2335,0.616961414790997
1.239658,0.600877192982456,1.237777,0.610971313537997,1.23715,0.616961414790997
1.243296,0.600877192982456,1.241424,0.611474584801208,1.2408,0.617765273311897
1.246934,0.600877192982456,1.245071,0.611977856064419,1.24445,0.617765273311897
1.250572,0.60233918128655,1.248718,0.61298439859084,1.2481,0.618167202572347
1.25421,0.603801169590643,1.252365,0.614494212380473,1.25175,0.618167202572347
1.257848,0.603801169590643,1.256012,0.614494212380473,1.2554,0.618569131832797
1.261486,0.603801169590643,1.259659,0.614494212380473,1.25905,0.618569131832797
1.265124,0.603801169590643,1.263306,0.614494212380473,1.2627,0.618569131832797
1.268762,0.603801169590643,1.266953,0.616004026170106,1.26635,0.618569131832797
1.2724,0.605263157894737,1.2706,0.618017111222949,1.27,0.618569131832797
1.276038,0.605263157894737,1.274247,0.618017111222949,1.27365,0.619774919614148
1.279676,0.605263157894737,1.277894,0.619023653749371,1.2773,0.620980707395498
1.283314,0.605263157894737,1.281541,0.619526925012582,1.28095,0.621382636655949
1.286952,0.60672514619883,1.285188,0.620030196275793,1.2846,0.621784565916399
1.29059,0.60672514619883,1.288835,0.620030196275793,1.28825,0.621784565916399
1.294228,0.60672514619883,1.292482,0.620533467539004,1.2919,0.621784565916399
1.297866,0.60672514619883,1.296129,0.621540010065425,1.29555,0.622186495176849
1.301504,0.60672514619883,1.299776,0.622043281328636,1.2992,0.622186495176849
1.305142,0.60672514619883,1.303423,0.622546552591847,1.30285,0.622588424437299
1.30878,0.608187134502924,1.30707,0.623049823855058,1.3065,0.62379421221865
1.312418,0.608187134502924,1.310717,0.623553095118269,1.31015,0.6241961414791
1.316056,0.609649122807018,1.314364,0.625062908907901,1.3138,0.62540192926045
1.319694,0.611111111111111,1.318011,0.626069451434323,1.31745,0.6258038585209
1.323332,0.615497076023392,1.321658,0.627579265223956,1.3211,0.628617363344051
1.32697,0.621345029239766,1.325305,0.629592350276799,1.32475,0.630627009646302
1.330608,0.628654970760234,1.328952,0.633115249119275,1.3284,0.633440514469453
1.334246,0.633040935672515,1.332599,0.637644690488173,1.33205,0.636254019292605
1.337884,0.638888888888889,1.336246,0.641167589330649,1.3357,0.643488745980707
1.341522,0.64327485380117,1.339893,0.644690488173125,1.33935,0.65032154340836
1.34516,0.644736842105263,1.34354,0.64720684448918,1.343,0.655948553054662
1.348798,0.644736842105263,1.347187,0.652239557121288,1.34665,0.657958199356913
1.352436,0.644736842105263,1.350834,0.653749370910921,1.3503,0.660369774919614
1.356074,0.644736842105263,1.354481,0.655762455963764,1.35395,0.660771704180064
1.359712,0.644736842105263,1.358128,0.656265727226975,1.3576,0.661977491961415
1.36335,0.644736842105263,1.361775,0.656768998490186,1.36125,0.662781350482315
1.366988,0.649122807017544,1.365422,0.657775541016608,1.3649,0.662781350482315
1.370626,0.650584795321637,1.369069,0.657775541016608,1.36855,0.662781350482315
1.374264,0.650584795321637,1.372716,0.658278812279819,1.3722,0.663183279742765
1.377902,0.650584795321637,1.376363,0.659285354806241,1.37585,0.663585209003215
1.38154,0.653508771929825,1.38001,0.660291897332662,1.3795,0.663585209003215
1.385178,0.653508771929825,1.383657,0.660795168595873,1.38315,0.664389067524116
1.388816,0.654970760233918,1.387304,0.660795168595873,1.3868,0.664790996784566
1.392454,0.654970760233918,1.390951,0.660795168595873,1.39045,0.666398713826367
1.396092,0.654970760233918,1.394598,0.661298439859084,1.3941,0.667604501607717
1.39973,0.657894736842105,1.398245,0.661298439859084,1.39775,0.668810289389068
1.403368,0.657894736842105,1.401892,0.661801711122295,1.4014,0.669212218649518
1.407006,0.657894736842105,1.405539,0.662304982385506,1.40505,0.669614147909968
1.410644,0.660818713450292,1.409186,0.662808253648717,1.4087,0.670016077170418
1.414282,0.660818713450292,1.412833,0.663814796175138,1.41235,0.670016077170418
1.41792,0.660818713450292,1.41648,0.663814796175138,1.416,0.670016077170418
1.421558,0.662280701754386,1.420127,0.663814796175138,1.41965,0.670016077170418
1.425196,0.662280701754386,1.423774,0.664318067438349,1.4233,0.670418006430868
1.428834,0.662280701754386,1.427421,0.665324609964771,1.42695,0.670819935691318
1.432472,0.662280701754386,1.431068,0.665324609964771,1.4306,0.670819935691318
1.43611,0.662280701754386,1.434715,0.665324609964771,1.43425,0.671623794212219
1.439748,0.66374269005848,1.438362,0.665324609964771,1.4379,0.672427652733119
1.443386,0.66374269005848,1.442009,0.665324609964771,1.44155,0.673231511254019
1.447024,0.665204678362573,1.445656,0.666331152491193,1.4452,0.673633440514469
1.450662,0.665204678362573,1.449303,0.666834423754404,1.44885,0.673633440514469
1.4543,0.665204678362573,1.45295,0.668344237544036,1.4525,0.673633440514469
1.457938,0.665204678362573,1.456597,0.668344237544036,1.45615,0.67403536977492
1.461576,0.665204678362573,1.460244,0.668344237544036,1.4598,0.67403536977492
1.465214,0.665204678362573,1.463891,0.668344237544036,1.46345,0.67403536977492
1.468852,0.665204678362573,1.467538,0.668344237544036,1.4671,0.67403536977492
1.47249,0.666666666666667,1.471185,0.668847508807247,1.47075,0.67403536977492
1.476128,0.666666666666667,1.474832,0.668847508807247,1.4744,0.67483922829582
1.479766,0.66812865497076,1.478479,0.669350780070458,1.47805,0.67483922829582
1.483404,0.669590643274854,1.482126,0.67035732259688,1.4817,0.67564308681672
1.487042,0.669590643274854,1.485773,0.67035732259688,1.48535,0.676446945337621
1.49068,0.671052631578947,1.48942,0.67035732259688,1.489,0.677250803858521
1.494318,0.671052631578947,1.493067,0.67035732259688,1.49265,0.678858520900322
1.497956,0.671052631578947,1.496714,0.67035732259688,1.4963,0.678858520900322
1.501594,0.671052631578947,1.500361,0.670860593860091,1.49995,0.678858520900322
1.505232,0.671052631578947,1.504008,0.670860593860091,1.5036,0.678858520900322
1.50887,0.671052631578947,1.507655,0.670860593860091,1.50725,0.678858520900322
1.512508,0.671052631578947,1.511302,0.671867136386512,1.5109,0.679260450160772
1.516146,0.671052631578947,1.514949,0.671867136386512,1.51455,0.679662379421222
1.519784,0.671052631578947,1.518596,0.671867136386512,1.5182,0.680064308681672
1.523422,0.671052631578947,1.522243,0.671867136386512,1.52185,0.680064308681672
1.52706,0.671052631578947,1.52589,0.671867136386512,1.5255,0.680064308681672
1.530698,0.672514619883041,1.529537,0.671867136386512,1.52915,0.680868167202572
1.534336,0.673976608187134,1.533184,0.671867136386512,1.5328,0.680868167202572
1.537974,0.673976608187134,1.536831,0.671867136386512,1.53645,0.681672025723473
1.541612,0.673976608187134,1.540478,0.672873678912934,1.5401,0.682475884244373
1.54525,0.673976608187134,1.544125,0.672873678912934,1.54375,0.683681672025723
1.548888,0.673976608187134,1.547772,0.673880221439356,1.5474,0.684083601286174
1.552526,0.673976608187134,1.551419,0.674383492702567,1.55105,0.684485530546624
1.556164,0.673976608187134,1.555066,0.674383492702567,1.5547,0.684485530546624
1.559802,0.673976608187134,1.558713,0.675390035228988,1.55835,0.685289389067524
1.56344,0.673976608187134,1.56236,0.67639657775541,1.562,0.685691318327974
1.567078,0.673976608187134,1.566007,0.67639657775541,1.56565,0.686093247588424
1.570716,0.673976608187134,1.569654,0.677403120281832,1.5693,0.686093247588424
1.574354,0.673976608187134,1.573301,0.677906391545043,1.57295,0.686495176848875
1.577992,0.673976608187134,1.576948,0.678912934071464,1.5766,0.687299035369775
1.58163,0.676900584795322,1.580595,0.679919476597886,1.58025,0.687299035369775
1.585268,0.676900584795322,1.584242,0.679919476597886,1.5839,0.688102893890675
1.588906,0.676900584795322,1.587889,0.679919476597886,1.58755,0.688504823151125
1.592544,0.676900584795322,1.591536,0.680926019124308,1.5912,0.689710610932476
1.596182,0.676900584795322,1.595183,0.68193256165073,1.59485,0.690112540192926
1.59982,0.678362573099415,1.59883,0.683442375440362,1.5985,0.692524115755627
1.603458,0.679824561403509,1.602477,0.684448917966784,1.60215,0.693327974276527
1.607096,0.679824561403509,1.606124,0.685958731756417,1.6058,0.693729903536977
1.610734,0.681286549707602,1.609771,0.688978359335682,1.60945,0.694533762057878
1.614372,0.684210526315789,1.613418,0.691494715651736,1.6131,0.694935691318328
1.61801,0.684210526315789,1.617065,0.691997986914947,1.61675,0.695739549839228
1.621648,0.684210526315789,1.620712,0.691997986914947,1.6204,0.696543408360129
1.625286,0.684210526315789,1.624359,0.694011071967791,1.62405,0.697347266881029
1.628924,0.685672514619883,1.628006,0.695017614494212,1.6277,0.698553054662379
1.632562,0.685672514619883,1.631653,0.696024157020634,1.63135,0.70016077170418
1.6362,0.685672514619883,1.6353,0.697533970810267,1.635,0.70096463022508
1.639838,0.685672514619883,1.638947,0.700050327126321,1.63865,0.702170418006431
1.643476,0.685672514619883,1.642594,0.702566683442375,1.6423,0.702974276527331
1.647114,0.687134502923977,1.646241,0.708102667337695,1.64595,0.703778135048232
1.650752,0.68859649122807,1.649888,0.713135379969804,1.6496,0.707797427652733
1.65439,0.68859649122807,1.653535,0.715651736285858,1.65325,0.713826366559486
1.658028,0.695906432748538,1.657182,0.721690991444389,1.6569,0.72427652733119
1.661666,0.711988304093567,1.660829,0.732259687971817,1.66055,0.739951768488746
1.665304,0.741228070175439,1.664476,0.744841469552089,1.6642,0.756028938906752
1.668942,0.758771929824561,1.668123,0.765978862606945,1.66785,0.784565916398714
1.67258,0.774853801169591,1.67177,0.776547559134373,1.6715,0.80064308681672
1.676218,0.786549707602339,1.675417,0.782083543029693,1.67515,0.815916398713826
1.679856,0.788011695906433,1.679064,0.787619526925013,1.6788,0.82435691318328
1.683494,0.79093567251462,1.682711,0.792652239557121,1.68245,0.828376205787781
1.687132,0.792397660818713,1.686358,0.795671867136386,1.6861,0.829581993569132
1.69077,0.793859649122807,1.690005,0.798691494715652,1.68975,0.830385852090032
1.694408,0.796783625730994,1.693652,0.800201308505284,1.6934,0.831189710610932
1.698046,0.796783625730994,1.697299,0.802717664821339,1.69705,0.833199356913183
1.701684,0.798245614035088,1.700946,0.804227478610971,1.7007,0.833601286173633
1.705322,0.799707602339181,1.704593,0.805737292400604,1.70435,0.835610932475884
1.70896,0.801169590643275,1.70824,0.807750377453447,1.708,0.836414790996785
1.712598,0.802631578947368,1.711887,0.808253648716658,1.71165,0.836414790996785
1.716236,0.802631578947368,1.715534,0.808756919979869,1.7153,0.837218649517685
1.719874,0.802631578947368,1.719181,0.80926019124308,1.71895,0.837218649517685
1.723512,0.802631578947368,1.722828,0.810266733769502,1.7226,0.838424437299035
1.72715,0.802631578947368,1.726475,0.810770005032713,1.72625,0.838424437299035
1.730788,0.802631578947368,1.730122,0.812279818822345,1.7299,0.839228295819936
1.734426,0.802631578947368,1.733769,0.813286361348767,1.73355,0.839630225080386
1.738064,0.802631578947368,1.737416,0.813789632611978,1.7372,0.840032154340836
1.741702,0.802631578947368,1.741063,0.814292903875189,1.74085,0.842041800643087
1.74534,0.802631578947368,1.74471,0.814292903875189,1.7445,0.843247588424437
1.748978,0.802631578947368,1.748357,0.81529944640161,1.74815,0.844051446945338
1.752616,0.804093567251462,1.752004,0.816305988928032,1.7518,0.844051446945338
1.756254,0.804093567251462,1.755651,0.816305988928032,1.75545,0.844855305466238
1.759892,0.804093567251462,1.759298,0.818822345244087,1.7591,0.845659163987138
1.76353,0.804093567251462,1.762945,0.819325616507297,1.76275,0.846061093247588
1.767168,0.807017543859649,1.766592,0.819325616507297,1.7664,0.846463022508039
1.770806,0.808479532163743,1.770239,0.819828887770508,1.77005,0.847266881028939
1.774444,0.808479532163743,1.773886,0.821841972823352,1.7737,0.85048231511254
1.778082,0.808479532163743,1.777533,0.824358329139406,1.77735,0.852893890675241
1.78172,0.808479532163743,1.78118,0.82637141419225,1.781,0.853697749196141
1.785358,0.81140350877193,1.784827,0.828887770508304,1.78465,0.855707395498392
1.788996,0.812865497076023,1.788474,0.829894313034726,1.7883,0.856511254019293
1.792634,0.814327485380117,1.792121,0.831404126824358,1.79195,0.857315112540193
1.796272,0.814327485380117,1.795768,0.832913940613991,1.7956,0.857717041800643
1.79991,0.814327485380117,1.799415,0.832913940613991,1.79925,0.858922829581994
1.803548,0.815789473684211,1.803062,0.833920483140413,1.8029,0.859324758842444
1.807186,0.817251461988304,1.806709,0.836436839456467,1.80655,0.860128617363344
1.810824,0.817251461988304,1.810356,0.8379466532461,1.8102,0.862138263665595
1.814462,0.818713450292398,1.814003,0.838953195772521,1.81385,0.862540192926045
1.8181,0.821637426900585,1.81765,0.839456467035732,1.8175,0.862540192926045
1.821738,0.823099415204678,1.821297,0.840463009562154,1.82115,0.862942122186495
1.825376,0.826023391812866,1.824944,0.841469552088576,1.8248,0.863344051446945
1.829014,0.828947368421053,1.828591,0.841972823351787,1.82845,0.863745980707395
1.832652,0.830409356725146,1.832238,0.84398590840463,1.8321,0.863745980707395
1.83629,0.83187134502924,1.835885,0.844992450931052,1.83575,0.864147909967846
1.839928,0.833333333333333,1.839532,0.845495722194263,1.8394,0.865353697749196
1.843566,0.834795321637427,1.843179,0.847508807247106,1.84305,0.866157556270096
1.847204,0.834795321637427,1.846826,0.848012078510317,1.8467,0.866559485530547
1.850842,0.837719298245614,1.850473,0.848515349773528,1.85035,0.868167202572347
1.85448,0.840643274853801,1.85412,0.85002516356316,1.854,0.868971061093248
1.858118,0.840643274853801,1.857767,0.851031706089582,1.85765,0.869372990353698
1.861756,0.842105263157895,1.861414,0.851534977352793,1.8613,0.870176848874598
1.865394,0.846491228070175,1.865061,0.853044791142426,1.86495,0.870980707395498
1.869032,0.846491228070175,1.868708,0.853044791142426,1.8686,0.871382636655949
1.87267,0.847953216374269,1.872355,0.854051333668848,1.87225,0.872186495176849
1.876308,0.849415204678363,1.876002,0.854051333668848,1.8759,0.872186495176849
1.879946,0.853801169590643,1.879649,0.855057876195269,1.87955,0.873392282958199
1.883584,0.855263157894737,1.883296,0.856064418721691,1.8832,0.8758038585209
1.887222,0.859649122807018,1.886943,0.859084046300956,1.88685,0.881430868167203
1.89086,0.866959064327485,1.89059,0.863110216406643,1.8905,0.886655948553055
1.894498,0.868421052631579,1.894237,0.864620030196276,1.89415,0.893086816720257
1.898136,0.868421052631579,1.897884,0.865626572722697,1.8978,0.894694533762058
1.901774,0.868421052631579,1.901531,0.86713638651233,1.90145,0.895900321543408
1.905412,0.869883040935672,1.905178,0.867639657775541,1.9051,0.896302250803859
1.90905,0.869883040935672,1.908825,0.868142929038752,1.90875,0.897106109324759
1.912688,0.871345029239766,1.912472,0.869149471565174,1.9124,0.897909967845659
1.916326,0.87280701754386,1.916119,0.870659285354806,1.91605,0.89911575562701
1.919964,0.87280701754386,1.919766,0.871665827881228,1.9197,0.90072347266881
1.923602,0.875730994152047,1.923413,0.875188726723704,1.92335,0.901527331189711
1.92724,0.878654970760234,1.92706,0.878208354302969,1.927,0.903938906752412
1.930878,0.880116959064328,1.930707,0.878208354302969,1.93065,0.905144694533762
1.934516,0.880116959064328,1.934354,0.878208354302969,1.9343,0.906350482315113
1.938154,0.881578947368421,1.938001,0.880724710619024,1.93795,0.906752411575563
1.941792,0.883040935672515,1.941648,0.881731253145445,1.9416,0.907154340836013
1.94543,0.883040935672515,1.945295,0.882234524408656,1.94525,0.907958199356913
1.949068,0.885964912280702,1.948942,0.883744338198289,1.9489,0.908762057877814
1.952706,0.887426900584795,1.952589,0.885757423251132,1.95255,0.910369774919614
1.956344,0.890350877192982,1.956236,0.887770508303976,1.9562,0.911575562700965
1.959982,0.890350877192982,1.959883,0.888777050830398,1.95985,0.912781350482315
1.96362,0.894736842105263,1.96353,0.890790135883241,1.9635,0.913987138263666
1.967258,0.894736842105263,1.967177,0.892803220936085,1.96715,0.915192926045016
1.970896,0.89766081871345,1.970824,0.893809763462506,1.9708,0.915996784565916
1.974534,0.899122807017544,1.974471,0.896326119778561,1.97445,0.917202572347267
1.978172,0.904970760233918,1.978118,0.898339204831404,1.9781,0.920418006430868
1.98181,0.907894736842105,1.981765,0.900352289884248,1.98175,0.922025723472669
1.985448,0.910818713450292,1.985412,0.903371917463513,1.9854,0.923633440514469
1.989086,0.915204678362573,1.989059,0.905888273779567,1.98905,0.926446945337621
1.992724,0.91812865497076,1.992706,0.910920986411676,1.9927,0.928456591639871
1.996362,0.921052631578947,1.996353,0.916456970306995,1.99635,0.931672025723473
2,1,2,1,2,1
